C
C     ATOMIC CLOCK TIME DIFFERENCES (BEFORE CENTERING)
C     (LOWER PLOT OF FIGURE 1 OF 2006 METROLOGIA PAPER SHOWS CENTERED SERIES
C     IN NANOSECONDS, I.E., AFTER MULTIPLICATION BY 1.0E9 = 1,000,000,000)
C
C     SOURCE: U. S. NAVAL OBSERVATORY (LARA SCHMIDT AND DEMETRIOS MATSAKIS)
C     DELTA T: 60 SECONDS
C     UNITS: SECONDS
C     SAMPLE SIZE: 4000
C
-2.0756580759399638E-8
-2.0755952783750713E-8
-2.076932480810282E-8
-2.076169683244883E-8
-2.0762068856801927E-8
-2.0765440881151996E-8
-2.0778812905495007E-8
-2.0776184929851132E-8
-2.0782556954198177E-8
-2.07839289785442E-8
-2.080940100289077E-8
-2.0811673027241342E-8
-2.0798045051593408E-8
-2.0812417075947536E-8
-2.0826789100292572E-8
-2.0826161124643647E-8
-2.0831533148988667E-8
-2.0840905173341777E-8
-2.0855277197686812E-8
-2.083164922203684E-8
-2.083602124638893E-8
-2.0847393270736995E-8
-2.0845765295086046E-8
-2.08571373194432E-8
-2.085350934378821E-8
-2.0866881368140316E-8
-2.0874253392489382E-8
-2.0873625416840457E-8
-2.0870997441187486E-8
-2.0889369465531516E-8
-2.0895741489887653E-8
-2.0896013514234182E-8
-2.088248553858372E-8
-2.0902857562931796E-8
-2.0910229587280863E-8
-2.091760161162993E-8
-2.090097363598502E-8
-2.0910345660329036E-8
-2.0924717684683164E-8
-2.0922089709030193E-8
-2.092746173338431E-8
-2.093783375773035E-8
-2.095920578208045E-8
-2.096457780642547E-8
-2.0977949830777575E-8
-2.0970321855123586E-8
-2.0988693879476714E-8
-2.0985065903830814E-8
-2.0989437928173812E-8
-2.098980995252691E-8
-2.1015181976876004E-8
-2.10155540012291E-8
-2.1011926025574105E-8
-2.1025298049926215E-8
-2.1024670074277287E-8
-2.1029042098620286E-8
-2.1032414122970355E-8
-2.1035786147320427E-8
-2.1047158171668488E-8
-2.1054530196017554E-8
-2.105190222037368E-8
-2.104527424472171E-8
-2.1065646269069787E-8
-2.1059018293417822E-8
-2.1064390317771937E-8
-2.1050762342114904E-8
-2.1072134366465005E-8
-2.1078506390821142E-8
-2.1078878415165143E-8
-2.1077250439514194E-8
-2.106362246386626E-8
-2.1076994488218366E-8
-2.1070366512566398E-8
-2.1079738536910415E-8
-2.1089110561263528E-8
-2.1084482585615606E-8
-2.1092854609966694E-8
-2.1097226634309693E-8
-2.1106598658662805E-8
-2.109097068301082E-8
-2.1083342707356832E-8
-2.10867147317069E-8
-2.1098086756054964E-8
-2.1101458780405034E-8
-2.1096830804757112E-8
-2.110430282910365E-8
-2.1103574853457254E-8
-2.111094687780632E-8
-2.1092318902157364E-8
-2.1096690926509458E-8
-2.1112062950856515E-8
-2.1118434975203557E-8
-2.1094806999553585E-8
-2.1094179023904657E-8
-2.1094551048257754E-8
-2.11009230726048E-8
-2.1090295096953837E-8
-2.10766671213059E-8
-2.1086039145649917E-8
-2.1090411170002007E-8
-2.1076783194354073E-8
-2.107915521870212E-8
-2.1068527243051155E-8
-2.1091899267396207E-8
-2.1082271291747267E-8
-2.108664331609936E-8
-2.109101534045145E-8
-2.10933873647995E-8
-2.1092759389150575E-8
-2.1091131413499625E-8
-2.1088503437846654E-8
-2.109587546219572E-8
-2.1098247486543768E-8
-2.10916195108918E-8
-2.1097991535247937E-8
-2.1100363559595985E-8
-2.110773558394505E-8
-2.1109107608291077E-8
-2.1104479632643156E-8
-2.109885165699321E-8
-2.1113223681338245E-8
-2.1108595705690323E-8
-2.11039677300424E-8
-2.110733975439247E-8
-2.112271177873953E-8
-2.112508380308758E-8
-2.1113455827434592E-8
-2.112782785178872E-8
-2.1122199876138777E-8
-2.1130571900489865E-8
-2.1114943924837884E-8
-2.1132315949188988E-8
-2.1120687973536E-8
-2.112405999788607E-8
-2.1118432022236127E-8
-2.1132804046581163E-8
-2.1136176070931232E-8
-2.113154809528331E-8
-2.1130920119634386E-8
-2.113229214398041E-8
-2.1133664168326435E-8
-2.113103619268256E-8
-2.1127408217027564E-8
-2.1112780241377604E-8
-2.1131152265730733E-8
-2.1142524290078793E-8
-2.1123896314429837E-8
-2.113726833877285E-8
-2.1129640363127957E-8
-2.1127012387474986E-8
-2.1115384411822E-8
-2.111375643617105E-8
-2.1119128460525165E-8
-2.111850048487624E-8
-2.1107872509225276E-8
-2.110624453357433E-8
-2.109861655792034E-8
-2.1106988582271428E-8
-2.1111360606623522E-8
-2.11067326309756E-8
-2.111810465532366E-8
-2.1106476679670673E-8
-2.1073848704020686E-8
-2.1084220728366724E-8
-2.1090592752722865E-8
-2.1089964777064845E-8
-2.1091336801419963E-8
-2.1089708825769014E-8
-2.110408085011405E-8
-2.1084452874463072E-8
-2.1078824898813128E-8
-2.1085196923169266E-8
-2.1095568947515304E-8
-2.108994097186536E-8
-2.1084312996215418E-8
-2.106668502055939E-8
-2.1073057044915528E-8
-2.1067429069265584E-8
-2.1070801093615654E-8
-2.108017311795967E-8
-2.1092545142309753E-8
-2.108991716665678E-8
-2.1073289191011875E-8
-2.107766121535487E-8
-2.1088033239710004E-8
-2.10924052640621E-8
-2.109077728841115E-8
-2.1099149312753145E-8
-2.1103521337105235E-8
-2.10898933614573E-8
-2.1112265385809424E-8
-2.110463741015543E-8
-2.1119009434500466E-8
-2.1109381458851526E-8
-2.110575348320563E-8
-2.1122125507554708E-8
-2.1114497531900718E-8
-2.1110869556254818E-8
-2.1115241580597816E-8
-2.1122613604946883E-8
-2.111798562929896E-8
-2.1118357653652058E-8
-2.1108729678003118E-8
-2.1106101702350147E-8
-2.1103473726697176E-8
-2.111484575104524E-8
-2.111221777540136E-8
-2.1132589799749437E-8
-2.1111961824096437E-8
-2.110833384845054E-8
-2.1109705872796563E-8
-2.1107077897143592E-8
-2.1099449921498698E-8
-2.1091821945844708E-8
-2.1106293970196313E-8
-2.1089565994544834E-8
-2.1085938018889838E-8
-2.1078310043244944E-8
-2.108568206759401E-8
-2.1066054091943033E-8
-2.107942611629514E-8
-2.1070798140639128E-8
-2.1078170164988195E-8
-2.1081542189338264E-8
-2.1072914213691345E-8
-2.107428623803737E-8
-2.107265826238642E-8
-2.107603028673649E-8
-2.107340231108352E-8
-2.1074774335438642E-8
-2.1087146359788727E-8
-2.1071518384136743E-8
-2.1074890408486815E-8
-2.1070262432838894E-8
-2.1066634457183898E-8
-2.1082006481530955E-8
-2.107537850587899E-8
-2.1070750530231068E-8
-2.1079122554582156E-8
-2.1072494578930188E-8
-2.1074866603278236E-8
-2.108423862763135E-8
-2.1097610651983455E-8
-2.108598267633047E-8
-2.108635470067447E-8
-2.1081726725026548E-8
-2.1073098749379632E-8
-2.1074470773725655E-8
-2.1075842798080777E-8
-2.107121482242376E-8
-2.106958684677281E-8
-2.1062958871129938E-8
-2.1052330895478976E-8
-2.107370291981998E-8
-2.1068074944170034E-8
-2.106544696852616E-8
-2.1068818992876228E-8
-2.1069191017220233E-8
-2.1059563041571292E-8
-2.1060935065917315E-8
-2.1038307090269365E-8
-2.105867911461744E-8
-2.106005113897256E-8
-2.105242316331857E-8
-2.1039795187672657E-8
-2.103516721201564E-8
-2.104953923636977E-8
-2.1040911260713757E-8
-2.1036283285065835E-8
-2.1056655309413914E-8
-2.1047027333764974E-8
-2.105239935811909E-8
-2.104577138246712E-8
-2.104814340681517E-8
-2.1049515431161192E-8
-2.1038987455516798E-8
-2.103725947985928E-8
-2.104363150421542E-8
-2.105200352856651E-8
-2.1037375552907454E-8
-2.1035747577256504E-8
-2.102811960161161E-8
-2.1039491625959674E-8
-2.1020863650310718E-8
-2.1031235674656756E-8
-2.101160769900578E-8
-2.1023979723355864E-8
-2.101635174771097E-8
-2.100872377205698E-8
-2.103609579641012E-8
-2.1027467820754106E-8
-2.1025739845105684E-8
-2.1033211869452227E-8
-2.1036583893802296E-8
-2.1031955918154374E-8
-2.1027327942506452E-8
-2.103069996685652E-8
-2.1029071991205572E-8
-2.1045444015554654E-8
-2.103981603990471E-8
-2.104318806425478E-8
-2.104156008860383E-8
-2.1052932112951894E-8
-2.104430413729588E-8
-2.1055676161653036E-8
-2.1058048186001083E-8
-2.1050420210347094E-8
-2.1035792234697134E-8
-2.1045164259050247E-8
-2.1043536283399298E-8
-2.102590830774327E-8
-2.101628033209433E-8
-2.1021652356448446E-8
-2.1026024380791444E-8
-2.10203964051415E-8
-2.1000768429490523E-8
-2.1005140453842614E-8
-2.1008512478192686E-8
-2.1010884502540734E-8
-2.0994256526895824E-8
-2.1004628551241863E-8
-2.10150005755879E-8
-2.101837259993797E-8
-2.1009744624291055E-8
-2.0992116648635028E-8
-2.1008488672984107E-8
-2.0995860697338194E-8
-2.0993232721685223E-8
-2.0997604746037317E-8
-2.1012976770384375E-8
-2.0992348794740468E-8
-2.099272081908447E-8
-2.0990092843431498E-8
-2.0990464867784595E-8
-2.0999836892137708E-8
-2.0991208916481696E-8
-2.0981580940832756E-8
-2.0997952965181835E-8
-2.0996324989530886E-8
-2.0980697013878905E-8
-2.0990069038232018E-8
-2.099644106257906E-8
-2.0995813086930134E-8
-2.0982185111282197E-8
-2.0982557135626198E-8
-2.099092915997729E-8
-2.099220118432584E-8
-2.096867320867334E-8
-2.0974045233027456E-8
-2.0977417257377525E-8
-2.0985789281728613E-8
-2.0965161306075614E-8
-2.0973533330426702E-8
-2.096790535477676E-8
-2.097327737912178E-8
-2.096664940346981E-8
-2.0969021427826954E-8
-2.0967393452176004E-8
-2.096876547652203E-8
-2.096513750087613E-8
-2.0971509525223175E-8
-2.0982881549571235E-8
-2.0975253573917246E-8
-2.0969625598267302E-8
-2.0974997622621418E-8
-2.0982369646970484E-8
-2.0987741671315504E-8
-2.0971113695670594E-8
-2.0984485720013605E-8
-2.0992857744364697E-8
-2.098622976871273E-8
-2.0974601793068837E-8
-2.0978973817411836E-8
-2.098434584176595E-8
-2.0972717866112964E-8
-2.096408989046605E-8
-2.097846191481108E-8
-2.0981833939161154E-8
-2.098220596351425E-8
-2.0968577987857218E-8
-2.096495001221132E-8
-2.0964322036562393E-8
-2.0970694060909438E-8
-2.0961066085260497E-8
-2.0950438109609535E-8
-2.0971810133959633E-8
-2.097218215831273E-8
-2.0954554182656703E-8
-2.096192620700577E-8
-2.0964298231353817E-8
-2.096367025570489E-8
-2.094904228005493E-8
-2.0948414304406005E-8
-2.0965886328754582E-8
-2.097115835310213E-8
-2.096453037745016E-8
-2.0956902401805267E-8
-2.0965274426156355E-8
-2.096064645049934E-8
-2.0968018474848407E-8
-2.0964390499202507E-8
-2.0958762523552563E-8
-2.0962234547900105E-8
-2.0957506572245615E-8
-2.0965878596596703E-8
-2.096825062094475E-8
-2.097962264530191E-8
-2.0958994669648907E-8
-2.0966366693997974E-8
-2.0983738718349077E-8
-2.0975110742693066E-8
-2.0947482767044094E-8
-2.0961854791398225E-8
-2.0970226815749313E-8
-2.0961598840093302E-8
-2.095897086444033E-8
-2.096034288879545E-8
-2.0970714913141488E-8
-2.0971086937494585E-8
-2.094645896184259E-8
-2.096883098619471E-8
-2.097320301053771E-8
-2.097657503488778E-8
-2.0969947059235814E-8
-2.0969319083586886E-8
-2.0970691107942008E-8
-2.0974063132292077E-8
-2.0977435156642146E-8
-2.0982807180987166E-8
-2.098917920533421E-8
-2.0988551229685283E-8
-2.098292325403534E-8
-2.1000295278386444E-8
-2.0989667302735482E-8
-2.0986039327080486E-8
-2.0989411351430558E-8
-2.0997783375781646E-8
-2.0999155400136765E-8
-2.1001527424484812E-8
-2.1004899448834882E-8
-2.1008271473184954E-8
-2.1024643497534033E-8
-2.100301552187901E-8
-2.10113875462301E-8
-2.1019759570581188E-8
-2.1030131594927227E-8
-2.0996503619275218E-8
-2.1001875643629333E-8
-2.1016247667974366E-8
-2.102061969232646E-8
-2.1022991716674508E-8
-2.101436374102759E-8
-2.103773576537264E-8
-2.1046107789723728E-8
-2.1030479814071748E-8
-2.102185183842483E-8
-2.1042223862772905E-8
-2.1035595887120937E-8
-2.1043967911472028E-8
-2.1044339935825125E-8
-2.1059711960172182E-8
-2.1056083984517186E-8
-2.1046456008868246E-8
-2.1041828033220324E-8
-2.10412000575714E-8
-2.104457208192147E-8
-2.1051944106270535E-8
-2.1047316130613518E-8
-2.1052688154967633E-8
-2.1066060179319743E-8
-2.1046432203668765E-8
-2.1045804228019838E-8
-2.1047176252365864E-8
-2.1051548276717954E-8
-2.1043920301063965E-8
-2.1055292325412028E-8
-2.1056664349767147E-8
-2.1059036374115194E-8
-2.1062408398465264E-8
-2.106178042281634E-8
-2.1071152447160356E-8
-2.1071524471513453E-8
-2.1069896495862504E-8
-2.1088268520206537E-8
-2.1088640544559634E-8
-2.1079012568910693E-8
-2.10923845932628E-8
-2.109075661761185E-8
-2.1093128641959898E-8
-2.1090500666306927E-8
-2.1097872690655993E-8
-2.1094244715010093E-8
-2.110361673935411E-8
-2.1116988763706217E-8
-2.112036078805629E-8
-2.1127732812405353E-8
-2.1150104836757475E-8
-2.1139476861106513E-8
-2.113584888545152E-8
-2.1149220909803627E-8
-2.1161592934153712E-8
-2.1155964958503766E-8
-2.1160336982846764E-8
-2.116770900719583E-8
-2.1182081031549962E-8
-2.119145305590307E-8
-2.117582508025109E-8
-2.117319710459812E-8
-2.117756912895021E-8
-2.1165941153297227E-8
-2.1178313177647312E-8
-2.1171685201995344E-8
-2.1186057226349475E-8
-2.1179429250697507E-8
-2.1191801275047592E-8
-2.120217329939363E-8
-2.119254532374469E-8
-2.118791734809677E-8
-2.1185289372443798E-8
-2.1196661396791858E-8
-2.1186033421140896E-8
-2.118540544549197E-8
-2.1181777469836975E-8
-2.119214949419211E-8
-2.1181521518541148E-8
-2.116789354289321E-8
-2.1177265567237227E-8
-2.119163759159136E-8
-2.1181009615940393E-8
-2.117038164028943E-8
-2.1189753664635486E-8
-2.1190125688988583E-8
-2.1191497713334606E-8
-2.1179869737681622E-8
-2.118324176203169E-8
-2.118461378638681E-8
-2.1190985810733855E-8
-2.1195257835079377E-8
-2.119672985943197E-8
-2.1214101883783075E-8
-2.119747390812907E-8
-2.1208845932477133E-8
-2.12332179568333E-8
-2.1190589981181274E-8
-2.118396200552931E-8
-2.1198334029883437E-8
-2.1221706054228486E-8
-2.121807807858259E-8
-2.1222450102925587E-8
-2.1220822127274638E-8
-2.1234194151626744E-8
-2.1231566175973773E-8
-2.1228938200329898E-8
-2.1301310224674016E-8
-2.1238682249027012E-8
-2.1221054273370985E-8
-2.1225426297723076E-8
-2.122479832207415E-8
-2.124117034642323E-8
-2.1227542370775296E-8
-2.1236914395119313E-8
-2.1249286419469395E-8
-2.1270658443819496E-8
-2.1249030468173567E-8
-2.1251402492521615E-8
-2.126477451687372E-8
-2.1265146541217723E-8
-2.1255518565568782E-8
-2.1248890589916817E-8
-2.1269262614264893E-8
-2.1260634638617974E-8
-2.1272006662966038E-8
-2.1277378687320154E-8
-2.129275071166721E-8
-2.1292122736018286E-8
-2.128649476036834E-8
-2.127786678471233E-8
-2.1301238809066473E-8
-2.1285610833414492E-8
-2.129498285775851E-8
-2.1283354882114618E-8
-2.1304726906464715E-8
-2.1291098930807685E-8
-2.1294470955157755E-8
-2.129184297951388E-8
-2.1302215003859918E-8
-2.1302587028213015E-8
-2.1296959052553976E-8
-2.1293331076908076E-8
-2.1309703101257158E-8
-2.1323075125609265E-8
-2.1315447149955275E-8
-2.1314819174306347E-8
-2.1336191198656448E-8
-2.1320563223004467E-8
-2.131493524735452E-8
-2.1315307271707618E-8
-2.1319679296050616E-8
-2.1315051320402694E-8
-2.1323423344753782E-8
-2.131979536909879E-8
-2.1329167393451902E-8
-2.1310539417802946E-8
-2.129891144214996E-8
-2.131528346649904E-8
-2.1319655490851132E-8
-2.132202751519918E-8
-2.131239953955024E-8
-2.1314771563898287E-8
-2.1323143588249375E-8
-2.132151561259843E-8
-2.129888763695048E-8
-2.1315259661299558E-8
-2.1323631685641553E-8
-2.1313003709990588E-8
-2.1308375734342666E-8
-2.130474775869677E-8
-2.1315119783042808E-8
-2.1311491807396908E-8
-2.1331863831744984E-8
-2.1329235856092013E-8
-2.1335607880439058E-8
-2.131097990478706E-8
-2.1315351929139152E-8
-2.1329723953493283E-8
-2.132609597783829E-8
-2.132746800219341E-8
-2.134084002653642E-8
-2.1345212050888514E-8
-2.1334584075237552E-8
-2.1332956099586603E-8
-2.1347328123940734E-8
-2.1345700148289785E-8
-2.1350072172632783E-8
-2.1343444196980815E-8
-2.1359816221329894E-8
-2.1350188245680957E-8
-2.1358560270032045E-8
-2.136393229438616E-8
-2.1360304318731165E-8
-2.135267634308627E-8
-2.1369048367435353E-8
-2.1377420391777345E-8
-2.1370792416134473E-8
-2.1369164440483523E-8
-2.1376636464830066E-8
-2.137390848917962E-8
-2.1381280513528685E-8
-2.1381652537881782E-8
-2.1375024562229814E-8
-2.1383396586580905E-8
-2.1380768610927934E-8
-2.1384140635278003E-8
-2.139951265962506E-8
-2.1393884683975117E-8
-2.1405256708323177E-8
-2.1405628732676274E-8
-2.141300075702534E-8
-2.1419372781372386E-8
-2.142074480571841E-8
-2.1432116830075564E-8
-2.144148885441958E-8
-2.1432860878772666E-8
-2.1446232903124773E-8
-2.1451604927469792E-8
-2.14649769518219E-8
-2.1476348976169963E-8
-2.147872100051801E-8
-2.1472093024866042E-8
-2.1489465049217146E-8
-2.150183707356723E-8
-2.1487209097917272E-8
-2.1512581122266367E-8
-2.1527953146613424E-8
-2.1530325170961472E-8
-2.1521697195314553E-8
-2.1526069219666647E-8
-2.1548441244009674E-8
-2.1546813268358724E-8
-2.1560185292710834E-8
-2.156555731706495E-8
-2.1566929341410973E-8
-2.1550301365756967E-8
-2.1562673390107052E-8
-2.1576045414459162E-8
-2.1575417438810234E-8
-2.1579789463162328E-8
-2.1570161487504292E-8
-2.1593533511858436E-8
-2.1582905536207474E-8
-2.1581277560556525E-8
-2.1590649584909638E-8
-2.1608021609251646E-8
-2.1608393633604743E-8
-2.1619765657952803E-8
-2.1624137682304897E-8
-2.1624509706657994E-8
-2.163988173100505E-8
-2.1626253755357114E-8
-2.163362577970618E-8
-2.1631997804055234E-8
-2.1645369828398245E-8
-2.1653741852749333E-8
-2.1665113877097396E-8
-2.1657485901452502E-8
-2.166485792580157E-8
-2.1651229950144535E-8
-2.1665601974498667E-8
-2.166497399884974E-8
-2.1674346023193756E-8
-2.1695718047543857E-8
-2.1700090071895948E-8
-2.1695462096248026E-8
-2.16948341205991E-8
-2.1701206144946143E-8
-2.169657816929822E-8
-2.168295019364119E-8
-2.1676322217989223E-8
-2.1693694242340327E-8
-2.1706066266690412E-8
-2.1702438291044512E-8
-2.1710810315395603E-8
-2.1727182339744682E-8
-2.1702554364092685E-8
-2.1710926388443777E-8
-2.17122984127898E-8
-2.1725670437141906E-8
-2.1720042461491963E-8
-2.1728414485833955E-8
-2.1737786510187068E-8
-2.1744158534534112E-8
-2.1736530558889215E-8
-2.173490258323827E-8
-2.173427460758934E-8
-2.1734646631933342E-8
-2.1726018656286427E-8
-2.1720390680636484E-8
-2.1729762704980497E-8
-2.1705134729337597E-8
-2.1720506753684654E-8
-2.171987877803573E-8
-2.172825080237772E-8
-2.1723722826727276E-8
-2.1722994851080875E-8
-2.172736687543297E-8
-2.174073889977598E-8
-2.1722110924127027E-8
-2.1722482948480124E-8
-2.1721854972831196E-8
-2.172822699717824E-8
-2.172559902152527E-8
-2.172397104587432E-8
-2.1716343070229427E-8
-2.1715715094571406E-8
-2.1713087118927528E-8
-2.1710459143274557E-8
-2.1718831167625645E-8
-2.17132031919757E-8
-2.170457521631969E-8
-2.170194724067581E-8
-2.1708319265022856E-8
-2.1702691289372913E-8
-2.1692063313721948E-8
-2.1689435338068977E-8
-2.1708807362424127E-8
-2.1701179386770137E-8
-2.1686551411120178E-8
-2.1699923435472285E-8
-2.1697295459819313E-8
-2.1701667484171408E-8
-2.1691039508520442E-8
-2.168741153286545E-8
-2.1686783557216522E-8
-2.168115558156658E-8
-2.167252760591966E-8
-2.1680899630261655E-8
-2.1674271654618783E-8
-2.1658643678966802E-8
-2.1654015703309784E-8
-2.165838772766188E-8
-2.1660759752009926E-8
-2.163413177636298E-8
-2.1657503800708027E-8
-2.1657875825061124E-8
-2.165224784941118E-8
-2.1653619873757204E-8
-2.1651991898106258E-8
-2.1661363922459367E-8
-2.1650735946808405E-8
-2.1650107971159477E-8
-2.165447999551157E-8
-2.1646852019857582E-8
-2.164512404420916E-8
-2.1630596068556673E-8
-2.1641968092904737E-8
-2.1645340117254806E-8
-2.1622712141606856E-8
-2.1614084165950844E-8
-2.163345619030599E-8
-2.163782821464899E-8
-2.1625200239003077E-8
-2.162157226334808E-8
-2.1622944287703203E-8
-2.1615316312049213E-8
-2.1622688336398276E-8
-2.161406036075136E-8
-2.161843238510345E-8
-2.1606804409450468E-8
-2.1612176433795488E-8
-2.1606548458145545E-8
-2.1609920482495614E-8
-2.1605292506847692E-8
-2.160066453119977E-8
-2.160003655554175E-8
-2.1598408579899896E-8
-2.159978060424592E-8
-2.1589152628594957E-8
-2.1601524652945042E-8
-2.160489667729511E-8
-2.159426870164415E-8
-2.1588640725994206E-8
-2.159801275033822E-8
-2.161238477469235E-8
-2.1592756799041374E-8
-2.1584128823394455E-8
-2.1604500847742534E-8
-2.1597872872090566E-8
-2.1575244896442616E-8
-2.1585616920788654E-8
-2.1592088945142264E-8
-2.1581360969484734E-8
-2.157573299383479E-8
-2.15851050181879E-8
-2.1579477042537957E-8
-2.1577849066887007E-8
-2.1573221091239086E-8
-2.1583593115585124E-8
-2.1579965139930132E-8
-2.157533716428221E-8
-2.1569709188632267E-8
-2.157108121297829E-8
-2.1558453237332377E-8
-2.1563825261677397E-8
-2.156619728603454E-8
-2.157156931037956E-8
-2.156194133473062E-8
-2.15533133590837E-8
-2.15366853834297E-8
-2.1549057407779783E-8
-2.1547429432128834E-8
-2.1545801456477885E-8
-2.1549173480827954E-8
-2.153754550517497E-8
-2.153291752952705E-8
-2.153228955387812E-8
-2.1533661578224147E-8
-2.1546033602574232E-8
-2.1525405626921232E-8
-2.1524777651272305E-8
-2.153714967562239E-8
-2.153352169997649E-8
-2.15258937243225E-8
-2.1543265748673603E-8
-2.154463777301963E-8
-2.1539009797369683E-8
-2.153338182171974E-8
-2.1543753846065778E-8
-2.1544125870418875E-8
-2.1521497894770925E-8
-2.1539869919114958E-8
-2.1536241943469058E-8
-2.1533613967816087E-8
-2.1531985992165137E-8
-2.152335801651822E-8
-2.1523730040862223E-8
-2.1516102065217326E-8
-2.151647408956133E-8
-2.1505846113910365E-8
-2.1530218138266534E-8
-2.1510590162615556E-8
-2.150996218696663E-8
-2.1508334211315682E-8
-2.1504706235660686E-8
-2.149897826001327E-8
-2.1492450284358775E-8
-2.150982230870988E-8
-2.1509194333060954E-8
-2.1499566357412013E-8
-2.1503938381755012E-8
-2.1495310406108093E-8
-2.150568243045413E-8
-2.148705445480518E-8
-2.1496426479158288E-8
-2.1487798503502277E-8
-2.149217052785437E-8
-2.1462542552201356E-8
-2.148091457655448E-8
-2.147328660090049E-8
-2.1465658625255597E-8
-2.14660306495996E-8
-2.1472402673955736E-8
-2.1458774698298706E-8
-2.1460146722653824E-8
-2.1470518746999863E-8
-2.14598907713489E-8
-2.1446262795700963E-8
-2.144663482005406E-8
-2.1453006844401105E-8
-2.1452378868752177E-8
-2.145075089310123E-8
-2.1442122917445216E-8
-2.144549494179529E-8
-2.144486696614636E-8
-2.14342389904954E-8
-2.14306110148495E-8
-2.142998303919148E-8
-2.1412355063544547E-8
-2.1421727087897657E-8
-2.142209911224166E-8
-2.1422471136594758E-8
-2.142284316093876E-8
-2.1417215185288816E-8
-2.1426587209641926E-8
-2.1408959233994994E-8
-2.1411231258336473E-8
-2.1411703282687043E-8
-2.1415075307037112E-8
-2.140944733138717E-8
-2.1415819355734214E-8
-2.1408191380089317E-8
-2.1423563404436374E-8
-2.1406935428791464E-8
-2.1398307453135453E-8
-2.1410679477485538E-8
-2.140205150183862E-8
-2.1391423526187657E-8
-2.137879555053265E-8
-2.1376167574879678E-8
-2.1380539599231772E-8
-2.1355911623579775E-8
-2.1370283647933903E-8
-2.136465567228396E-8
-2.1366027696629983E-8
-2.1359399720978018E-8
-2.1359771745331115E-8
-2.135614376967612E-8
-2.1351515794028197E-8
-2.1344887818376232E-8
-2.1343259842725283E-8
-2.132563186707835E-8
-2.1327903891428923E-8
-2.1328375915779496E-8
-2.1328747940123497E-8
-2.1329119964476594E-8
-2.1323491988826648E-8
-2.1335864013176733E-8
-2.1329236037524768E-8
-2.1318608061873803E-8
-2.1302980086221822E-8
-2.130535211056987E-8
-2.1310724134923985E-8
-2.129209615927503E-8
-2.1283468183619018E-8
-2.1293840207974152E-8
-2.129821223231715E-8
-2.1282584256674262E-8
-2.128495628102231E-8
-2.1281328305367317E-8
-2.1279700329716368E-8
-2.1277072354072493E-8
-2.1272444378415475E-8
-2.1276816402767566E-8
-2.1260188427113564E-8
-2.125356045147069E-8
-2.127193247581472E-8
-2.1263304500167805E-8
-2.125267652451684E-8
-2.1251048548865894E-8
-2.126042057320991E-8
-2.126179259756503E-8
-2.1245164621911024E-8
-2.124553664626412E-8
-2.123590867061518E-8
-2.123428069496423E-8
-2.123165271931126E-8
-2.121402474366433E-8
-2.1223396768008346E-8
-2.122876879236246E-8
-2.12181408167115E-8
-2.1219512841057522E-8
-2.1230884865405585E-8
-2.1217256889757648E-8
-2.1206628914106686E-8
-2.1215000938457774E-8
-2.1223372962808862E-8
-2.1211744987155878E-8
-2.121611701150797E-8
-2.121148903585095E-8
-2.1212861060206073E-8
-2.1197133084556617E-8
-2.119460510890112E-8
-2.1204977133256253E-8
-2.1208349157606325E-8
-2.118372118195433E-8
-2.119509320630239E-8
-2.1201465230649434E-8
-2.1175837254995416E-8
-2.1185209279348525E-8
-2.1188581303698594E-8
-2.1191953328048667E-8
-2.1166325352394646E-8
-2.1173697376743712E-8
-2.116406940109477E-8
-2.116444142544787E-8
-2.1147813449793866E-8
-2.113618547414088E-8
-2.1140557498492973E-8
-2.1137929522840002E-8
-2.1119301547191046E-8
-2.1126673571540112E-8
-2.114104559589424E-8
-2.110641762024021E-8
-2.109178964459025E-8
-2.1102161668945385E-8
-2.1100533693294436E-8
-2.109190571763842E-8
-2.108227774198948E-8
-2.1076549766342065E-8
-2.1063021790691603E-8
-2.104939381503457E-8
-2.1049765839387667E-8
-2.1050137863740764E-8
-2.105650988808781E-8
-2.1037881912438852E-8
-2.102725393678789E-8
-2.103062596113796E-8
-2.1031997985483986E-8
-2.1004370009835014E-8
-2.1017742034187124E-8
-2.1007114058536158E-8
-2.0997486082887218E-8
-2.0986858107236256E-8
-2.0973230131579226E-8
-2.0982602155932335E-8
-2.09689741802844E-8
-2.0949346204633423E-8
-2.095371822897642E-8
-2.096309025332953E-8
-2.0943462277678553E-8
-2.0936834302026585E-8
-2.094630632637717E-8
-2.0935578350728736E-8
-2.092395037507575E-8
-2.0919322399427827E-8
-2.092369442377992E-8
-2.0932066448121914E-8
-2.0907438472479013E-8
-2.0905810496828063E-8
-2.09201825211731E-8
-2.0917554545520128E-8
-2.0894926569872178E-8
-2.0877298594225246E-8
-2.0898670618575344E-8
-2.0887042642922357E-8
-2.0872414667272398E-8
-2.088078669162349E-8
-2.088615871596851E-8
-2.087053074031653E-8
-2.0869002764672148E-8
-2.0873274789017673E-8
-2.0863646813368733E-8
-2.0858018837718786E-8
-2.0852390862068843E-8
-2.0849762886415872E-8
-2.0855134910769988E-8
-2.084250693511498E-8
-2.083587895946301E-8
-2.0853250983814115E-8
-2.0842623008163153E-8
-2.0830995032510166E-8
-2.083336705686731E-8
-2.083173908121636E-8
-2.0820111105563373E-8
-2.080648312991544E-8
-2.0813855154264502E-8
-2.0814227178608506E-8
-2.080859920295856E-8
-2.0818971227313694E-8
-2.082034325165972E-8
-2.080571527600976E-8
-2.079708730035375E-8
-2.079445932470987E-8
-2.0782831349056887E-8
-2.0786203373406957E-8
-2.076957539775295E-8
-2.0778947422106064E-8
-2.0784319446451084E-8
-2.077169147080517E-8
-2.0759063495150163E-8
-2.076443551950428E-8
-2.0764807543857375E-8
-2.0746179568199323E-8
-2.0734551592555432E-8
-2.072392361690447E-8
-2.072829564124747E-8
-2.072666766559652E-8
-2.0719139689949098E-8
-2.0723411714303716E-8
-2.0726783738644693E-8
-2.0713155762996755E-8
-2.070652778734479E-8
-2.0714899811695878E-8
-2.0711271836049978E-8
-2.0707643860394985E-8
-2.0708015884748082E-8
-2.0709387909094105E-8
-2.070775993344316E-8
-2.068613195779723E-8
-2.0698503982147316E-8
-2.069487600649232E-8
-2.069224803083935E-8
-2.0694620055196492E-8
-2.069799207954656E-8
-2.067636410389154E-8
-2.0677736128237563E-8
-2.067310815258964E-8
-2.0682480176942754E-8
-2.0682852201286755E-8
-2.067522422564186E-8
-2.0669596249991915E-8
-2.0684968274338972E-8
-2.067334029868599E-8
-2.066671232303402E-8
-2.067008434738409E-8
-2.0670456371737187E-8
-2.065082839608621E-8
-2.0655200420438303E-8
-2.0661572444785348E-8
-2.065294446913843E-8
-2.0644316493482418E-8
-2.0628688517830434E-8
-2.064106054218052E-8
-2.0641432566533616E-8
-2.0615804590879598E-8
-2.0611176615231676E-8
-2.062854863958278E-8
-2.0607920663929777E-8
-2.0603292688281855E-8
-2.0600664712628884E-8
-2.059403673697692E-8
-2.059040876133102E-8
-2.057778078567601E-8
-2.0584152810023055E-8
-2.0573524834381186E-8
-2.05618968587282E-8
-2.0568268883075244E-8
-2.056864090742834E-8
-2.057201293177841E-8
-2.0578384956125455E-8
-2.0553756980473458E-8
-2.0562129004824546E-8
-2.0564501029172594E-8
-2.0561873053519623E-8
-2.05572450778717E-8
-2.0570617102223808E-8
-2.0571989126569834E-8
-2.05543611509229E-8
-2.0571733175274003E-8
-2.0569105199621032E-8
-2.056347722397109E-8
-2.0575849248321174E-8
-2.0571221272664156E-8
-2.0565593297014213E-8
-2.0569965321366304E-8
-2.057223734571688E-8
-2.0557709370064392E-8
-2.0564081394411437E-8
-2.0555453418764518E-8
-2.0561825443111563E-8
-2.057019746746265E-8
-2.055956949181169E-8
-2.055294151615972E-8
-2.055631354050979E-8
-2.0567685564857854E-8
-2.0554057589209916E-8
-2.0567429613562023E-8
-2.0575801637913114E-8
-2.0574173662262164E-8
-2.053954568660813E-8
-2.0564917710957225E-8
-2.057028973531134E-8
-2.057466175965434E-8
-2.0568033784011467E-8
-2.0553405808352412E-8
-2.0575777832704534E-8
-2.0578149857052582E-8
-2.0562521881409694E-8
-2.056489390575774E-8
-2.0583265930101774E-8
-2.0566637954456865E-8
-2.05810099788019E-8
-2.057938200315095E-8
-2.0588754027504064E-8
-2.0574126051854105E-8
-2.0585498076202165E-8
-2.0593870100553253E-8
-2.059524212489928E-8
-2.0602614149248345E-8
-2.0589986173602433E-8
-2.061935819795052E-8
-2.061573022229553E-8
-2.0598102246648597E-8
-2.0606474270999685E-8
-2.061884629534977E-8
-2.0610218319693756E-8
-2.0600590344044815E-8
-2.0620962368392894E-8
-2.063133439274803E-8
-2.0614706417094023E-8
-2.0625078441440062E-8
-2.0621450465794162E-8
-2.0635822490139198E-8
-2.0622194514491263E-8
-2.0616566538841317E-8
-2.063993856319546E-8
-2.0621310587537412E-8
-2.0628682611886478E-8
-2.0618054636235516E-8
-2.06474266605927E-8
-2.063979868493871E-8
-2.062917070928775E-8
-2.0639542733633788E-8
-2.0640914757988906E-8
-2.064028678233998E-8
-2.063665880668499E-8
-2.0655030831038114E-8
-2.0645402855389174E-8
-2.0643774879738224E-8
-2.0633146904087262E-8
-2.0644518928435323E-8
-2.064089095278033E-8
-2.0654262977132437E-8
-2.0636635001485505E-8
-2.0638007025831528E-8
-2.0642379050183622E-8
-2.0627751074533663E-8
-2.0639123098881727E-8
-2.0647495123232814E-8
-2.0632867147582855E-8
-2.0622239171931893E-8
-2.0622611196275895E-8
-2.0630983220626983E-8
-2.062035524497602E-8
-2.0638727269329146E-8
-2.064009929367517E-8
-2.0633471318023204E-8
-2.06338433423763E-8
-2.0628215366726354E-8
-2.06345873910734E-8
-2.064895941542753E-8
-2.062333143977351E-8
-2.0618703464125587E-8
-2.064307548847266E-8
-2.0636447512820692E-8
-2.061881953717376E-8
-2.0619191561517762E-8
-2.0639563585874934E-8
-2.063593561021994E-8
-2.0617307634570985E-8
-2.0622679658916005E-8
-2.0623051683269102E-8
-2.0616423707617137E-8
-2.061079573196719E-8
-2.060116775631825E-8
-2.0617539780667332E-8
-2.0602911805017373E-8
-2.059928382936238E-8
-2.060765585371347E-8
-2.059902787806655E-8
-2.0608399902410567E-8
-2.0607771926761642E-8
-2.0604143951115742E-8
-2.0604515975459743E-8
-2.059988799981182E-8
-2.0611260024159885E-8
-2.0620632048512995E-8
-2.0617004072858002E-8
-2.061837609721312E-8
-2.0640748121556147E-8
-2.0636120145908225E-8
-2.062949217025626E-8
-2.064086419460432E-8
-2.06362362189564E-8
-2.0645608243309512E-8
-2.0643980267658562E-8
-2.064135229200559E-8
-2.063872431635262E-8
-2.0645096340708758E-8
-2.0629468365056777E-8
-2.0645840389405856E-8
-2.0649212413755928E-8
-2.063658443810092E-8
-2.0635956462451992E-8
-2.063332848679902E-8
-2.0637700511151115E-8
-2.0618072535500137E-8
-2.064044455985226E-8
-2.063881658420131E-8
-2.063718860855036E-8
-2.0640560632900433E-8
-2.0646932657247475E-8
-2.0647304681600572E-8
-2.06236767059506E-8
-2.0626048730298645E-8
-2.0636420754644686E-8
-2.0626792778995746E-8
-2.0630164803345815E-8
-2.0617536827690807E-8
-2.062790885204594E-8
-2.0622280876395995E-8
-2.062065290074505E-8
-2.0637024925094127E-8
-2.0623396949446193E-8
-2.0631768973788185E-8
-2.0619140998142273E-8
-2.063251302249438E-8
-2.0628885046839387E-8
-2.0624257071191465E-8
-2.0618629095541518E-8
-2.062700111989261E-8
-2.0637373144238648E-8
-2.062274516858869E-8
-2.0617117192938743E-8
-2.064248921728784E-8
-2.063986124163487E-8
-2.06332332659829E-8
-2.0646605290335008E-8
-2.0650977314687102E-8
-2.0637349339039165E-8
-2.065672136338522E-8
-2.0665093387736307E-8
-2.0655465412087367E-8
-2.06318374364283E-8
-2.0656209460784465E-8
-2.065758148513049E-8
-2.065495350947752E-8
-2.0650325533829598E-8
-2.064869755817865E-8
-2.0652069582528718E-8
-2.0659441606877784E-8
-2.06478136312248E-8
-2.065218565557689E-8
-2.0659557679925958E-8
-2.0649929704277017E-8
-2.0651301728623043E-8
-2.0674673752977188E-8
-2.066104577732925E-8
-2.0657417801674257E-8
-2.06637898260213E-8
-2.0662161850370353E-8
-2.0659533874726474E-8
-2.0645905899069444E-8
-2.0668277923421567E-8
-2.0675649947770633E-8
-2.0665021972119668E-8
-2.0683393996472796E-8
-2.0685766020820844E-8
-2.0674138045167857E-8
-2.0679510069521973E-8
-2.0678882093873045E-8
-2.0678254118215025E-8
-2.067562614257115E-8
-2.068099816691617E-8
-2.0685370191268263E-8
-2.0670742215618304E-8
-2.0674114239968373E-8
-2.06754862643144E-8
-2.067385828866345E-8
-2.0678230313015544E-8
-2.067860233736864E-8
-2.0697974361714692E-8
-2.068634638606171E-8
-2.068471841041076E-8
-2.0693090434761847E-8
-2.0711462459114973E-8
-2.0695834483462992E-8
-2.069820650781104E-8
-2.0710578532161125E-8
-2.071695055650817E-8
-2.072632258086128E-8
-2.0708694605205252E-8
-2.071706662955634E-8
-2.0719438653904387E-8
-2.072081067825951E-8
-2.0729182702610597E-8
-2.0738554726954614E-8
-2.0734926751308714E-8
-2.073129877565372E-8
-2.0757670800004838E-8
-2.076704282435795E-8
-2.0757414848699914E-8
-2.0741786873057026E-8
-2.0750158897399022E-8
-2.0768530921752147E-8
-2.0747902946099148E-8
-2.0757274970452257E-8
-2.0770646994804367E-8
-2.07640190191524E-8
-2.075639104349841E-8
-2.0771763067845467E-8
-2.07821350922006E-8
-2.077750711655268E-8
-2.077687914089466E-8
-2.0792251165250812E-8
-2.0786623189600865E-8
-2.0796995213946907E-8
-2.0799367238294952E-8
-2.0808739262648065E-8
-2.0798111286997103E-8
-2.0815483311348206E-8
-2.0826855335696267E-8
-2.0830227360046336E-8
-2.0826599384391343E-8
-2.082197140874342E-8
-2.0839343433094525E-8
-2.0838715457445597E-8
-2.0840087481791623E-8
-2.0849459506144736E-8
-2.083183153048871E-8
-2.083820355483575E-8
-2.0839575579190872E-8
-2.0856947603541973E-8
-2.086131962788497E-8
-2.0847691652237037E-8
-2.085406367658408E-8
-2.0860435700940216E-8
-2.0854807725290273E-8
-2.084617974963426E-8
-2.085555177398737E-8
-2.0851923798332378E-8
-2.085029582268143E-8
-2.0847667847037553E-8
-2.085503987138662E-8
-2.085241189573365E-8
-2.085178392008472E-8
-2.083615594443274E-8
-2.084652796877878E-8
-2.0851899993132894E-8
-2.084627201748295E-8
-2.085764404183101E-8
-2.086001606617906E-8
-2.0846388090531125E-8
-2.0833760114876116E-8
-2.086513213922825E-8
-2.0848404163576773E-8
-2.083187618792934E-8
-2.0842248212275378E-8
-2.083662023662543E-8
-2.082599226097447E-8
-2.0812364285326532E-8
-2.0820736309677623E-8
-2.0832108334025683E-8
-2.0823480358369672E-8
-2.081885238272175E-8
-2.080922440707281E-8
-2.0811596431420857E-8
-2.0806968455772936E-8
-2.0791340480120955E-8
-2.0810712504467006E-8
-2.0801084528818066E-8
-2.080545655317016E-8
-2.0804828577521235E-8
-2.0812200601870298E-8
-2.0807572626213284E-8
-2.0793944650565346E-8
-2.081731667491949E-8
-2.080168869926751E-8
-2.07890607236125E-8
-2.0816432747965643E-8
-2.0807804772318724E-8
-2.080417679666373E-8
-2.0793548821012766E-8
-2.0793920845365863E-8
-2.0800292869712908E-8
-2.079366489406094E-8
-2.0787036918408974E-8
-2.0781408942759028E-8
-2.079078096711214E-8
-2.077615299146218E-8
-2.0774525015811232E-8
-2.07778970401613E-8
-2.0781269064511374E-8
-2.0762641088862418E-8
-2.0773013113208456E-8
-2.077738513756055E-8
-2.0768757161904536E-8
-2.077812918625765E-8
-2.077850121060165E-8
-2.0769873234954734E-8
-2.0760245259305794E-8
-2.0758617283654844E-8
-2.075898930800794E-8
-2.077136133234893E-8
-2.075473335670402E-8
-2.0754105381055096E-8
-2.075347740540617E-8
-2.0741849429753185E-8
-2.0724221454097158E-8
-2.0736593478447243E-8
-2.0748965502797328E-8
-2.074033752715041E-8
-2.072070955149943E-8
-2.0756081575850563E-8
-2.0744453600197576E-8
-2.0722825624551648E-8
-2.0708197648892596E-8
-2.0713569673246712E-8
-2.071694169759678E-8
-2.070931372194279E-8
-2.070968574629589E-8
-2.0704057770645945E-8
-2.0711429794995008E-8
-2.070180181934607E-8
-2.0698173843691075E-8
-2.070454586803812E-8
-2.069291789239423E-8
-2.068828991673721E-8
-2.0688661941090308E-8
-2.0692033965440378E-8
-2.0680405989787394E-8
-2.0679778014138466E-8
-2.071015003848858E-8
-2.0701522062841664E-8
-2.0681894087190686E-8
-2.067126611153972E-8
-2.0666638135882707E-8
-2.06460101602388E-8
-2.0641382184581782E-8
-2.0649754208932873E-8
-2.0648126233281924E-8
-2.0652498257634015E-8
-2.06438702819871E-8
-2.065024230633414E-8
-2.0661614330682204E-8
-2.0647986355034267E-8
-2.0642358379384323E-8
-2.0640730403733374E-8
-2.064110242807738E-8
-2.06384744524335E-8
-2.064884647677954E-8
-2.0648218501130614E-8
-2.065059052547866E-8
-2.0638962549825675E-8
-2.0647334574176763E-8
-2.064270659852884E-8
-2.0641078622877895E-8
-2.0634450647225927E-8
-2.0635822671571953E-8
-2.0641194695926068E-8
-2.0620566720273066E-8
-2.0615938744625144E-8
-2.063631076897322E-8
-2.0622682793325286E-8
-2.0616054817673318E-8
-2.0628426842023403E-8
-2.0618798866374462E-8
-2.061317089072452E-8
-2.06125429150665E-8
-2.0613914939421617E-8
-2.0613286963772692E-8
-2.0626658988115703E-8
-2.0602031012472803E-8
-2.061840303682188E-8
-2.0611775061169917E-8
-2.061314708551594E-8
-2.0588519109863943E-8
-2.0587891134215018E-8
-2.0596263158566106E-8
-2.0590635182916163E-8
-2.059300720726421E-8
-2.0594379231610233E-8
-2.0595751255965355E-8
-2.058712328030934E-8
-2.0574495304663428E-8
-2.0591867329014532E-8
-2.0592239353358533E-8
-2.058461137771364E-8
-2.0578983402063692E-8
-2.0593355426408728E-8
-2.0592727450759804E-8
-2.0588099475111882E-8
-2.059647149946297E-8
-2.0609843523805984E-8
-2.062321554815809E-8
-2.0609587572510153E-8
-2.061395959685315E-8
-2.0623331621206264E-8
-2.0608703645556305E-8
-2.0606075669903334E-8
-2.061844769425342E-8
-2.062481971860046E-8
-2.060819174295555E-8
-2.0612563767307645E-8
-2.0623935791655705E-8
-2.0611307816000697E-8
-2.060267984035378E-8
-2.0607051864705872E-8
-2.0627423889053948E-8
-2.0605795913398927E-8
-2.0591167937748968E-8
-2.0612539962099066E-8
-2.0619911986448132E-8
-2.0626284010795177E-8
-2.0618656035150283E-8
-2.0630028059498343E-8
-2.063040008385144E-8
-2.0623772108199472E-8
-2.0631144132548538E-8
-2.0640516156892555E-8
-2.0631888181245636E-8
-2.0631260205596712E-8
-2.0637632229943756E-8
-2.0641004254293826E-8
-2.06403762786449E-8
-2.0638748302993952E-8
-2.0632120327341984E-8
-2.064049235169307E-8
-2.0634864376043128E-8
-2.063523640038713E-8
-2.0648608424739236E-8
-2.0634980449091302E-8
-2.0638252473434802E-8
-2.0650724497791456E-8
-2.0651096522135457E-8
-2.0657468546491595E-8
-2.066084057083257E-8
-2.0668212595190733E-8
-2.0668584619534735E-8
-2.066095664388984E-8
-2.068432866823489E-8
-2.0695700692582953E-8
-2.0683072716937037E-8
-2.065344474128402E-8
-2.0676816765629073E-8
-2.067818878998419E-8
-2.0679560814330218E-8
-2.066493283868026E-8
-2.0684304863035405E-8
-2.0681676887382434E-8
-2.0665048911728432E-8
-2.0653420936075445E-8
-2.065779296042754E-8
-2.066816498478267E-8
-2.0661537009130705E-8
-2.0682909033480803E-8
-2.067828105782379E-8
-2.0685653082172852E-8
-2.067302510652694E-8
-2.067639713087701E-8
-2.0687769155225072E-8
-2.069014117957312E-8
-2.068351320392115E-8
-2.071588522827531E-8
-2.07242572526264E-8
-2.0713629276975437E-8
-2.071400130131944E-8
-2.0720373325675576E-8
-2.0719745350017556E-8
-2.0707117374371643E-8
-2.0712489398716663E-8
-2.0728861423065745E-8
-2.0722233447422873E-8
-2.0718605471767877E-8
-2.0726977496118968E-8
-2.0740349520471075E-8
-2.0751721544819135E-8
-2.0739093569164126E-8
-2.0741465593512174E-8
-2.0760837617867324E-8
-2.0760209642218396E-8
-2.0754581666568453E-8
-2.0764953690914492E-8
-2.0787325715266614E-8
-2.0774697739611606E-8
-2.078606976395967E-8
-2.0792441788315807E-8
-2.0794813812663854E-8
-2.0795185837007855E-8
-2.0818457861364527E-8
-2.0829929885710063E-8
-2.082530191006214E-8
-2.0825673934406142E-8
-2.0825045958757218E-8
-2.0833417983108306E-8
-2.0839790007455347E-8
-2.0842162031803395E-8
-2.085453405615348E-8
-2.0862906080504568E-8
-2.0845278104857637E-8
-2.086465012920369E-8
-2.0889022153550764E-8
-2.0888394177901836E-8
-2.087976620225492E-8
-2.0899138226600975E-8
-2.0898510250952047E-8
-2.0896882275301098E-8
-2.090725429964714E-8
-2.0933626323998256E-8
-2.0920998348352344E-8
-2.0939370372696373E-8
-2.093974239704947E-8
-2.0951114421397534E-8
-2.096648644574459E-8
-2.0962958470096167E-8
-2.096523049444674E-8
-2.098660251879684E-8
-2.0994974543147927E-8
-2.0998346567497997E-8
-2.0988718591849056E-8
-2.09950906161961E-8
-2.099246264054313E-8
-2.1013834664893228E-8
-2.1011206689240257E-8
-2.099557871359737E-8
-2.101095073794443E-8
-2.1012322762290452E-8
-2.1013694786645574E-8
-2.1008166810993103E-8
-2.1029438835336632E-8
-2.1038810859689745E-8
-2.1027182884036758E-8
-2.1030554908386827E-8
-2.105292693273895E-8
-2.1064298957087013E-8
-2.1045670981438057E-8
-2.1049043005788126E-8
-2.1050415030134152E-8
-2.1049787054485225E-8
-2.105615907883227E-8
-2.1058531103189413E-8
-2.1063903127534433E-8
-2.1060275151888533E-8
-2.1055647176231515E-8
-2.1058019200579563E-8
-2.1074391224928645E-8
-2.1078763249280736E-8
-2.107513527363484E-8
-2.107350729798389E-8
-2.1082879322327906E-8
-2.1067251346675926E-8
-2.107762337103106E-8
-2.109399539538014E-8
-2.1083367419729177E-8
-2.106673944407517E-8
-2.1076111468428284E-8
-2.1084483492779372E-8
-2.10818555171264E-8
-2.1082227541479498E-8
-2.10825995658235E-8
-2.1070971590179608E-8
-2.1068343614526637E-8
-2.1067715638877713E-8
-2.108308766322477E-8
-2.106745968757279E-8
-2.105283171192283E-8
-2.1055203736270878E-8
-2.1074575760626025E-8
-2.1067947784974057E-8
-2.1064319809319064E-8
-2.1074691833674198E-8
-2.1079063858017197E-8
-2.1066435882371284E-8
-2.1067807906717307E-8
-2.1080179931067392E-8
-2.1079551955418467E-8
-2.1068923979767502E-8
-2.1078296004120615E-8
-2.1086668028462607E-8
-2.1077040052813667E-8
-2.1072412077165745E-8
-2.107378410151177E-8
-2.1078156125863865E-8
-2.1058528150212887E-8
-2.1056900174561938E-8
-2.107127219891607E-8
-2.107764422326311E-8
-2.1061016247609105E-8
-2.10653882719612E-8
-2.1069760296313293E-8
-2.1065132320656276E-8
-2.1052504345010363E-8
-2.107087636936349E-8
-2.107924839370548E-8
-2.106262041806057E-8
-2.105299244241163E-8
-2.105236446675361E-8
-2.1050736491102664E-8
-2.1053108515459804E-8
-2.1038480539809845E-8
-2.1054852564158927E-8
-2.104522458850089E-8
-2.1050596612855007E-8
-2.1041968637208088E-8
-2.105234066155413E-8
-2.1041712685903165E-8
-2.1039084710250193E-8
-2.1048456734603306E-8
-2.1038828758954366E-8
-2.1038200783305438E-8
-2.1037572807647418E-8
-2.1050944831999528E-8
-2.105231685634555E-8
-2.103858888070014E-8
-2.1059060905045692E-8
-2.106243292939576E-8
-2.106580495374583E-8
-2.1052176978097896E-8
-2.1064549002447978E-8
-2.1058921026798035E-8
-2.1051293051144045E-8
-2.1049665075493096E-8
-2.1070037099841172E-8
-2.1073409124191244E-8
-2.1068781148543322E-8
-2.1067153172892373E-8
-2.10685251972384E-8
-2.1063897221590477E-8
-2.1064269245943574E-8
-2.1085641270293672E-8
-2.107501329464271E-8
-2.10623853189877E-8
-2.1067757343341817E-8
-2.1080129367691902E-8
-2.108350139204197E-8
-2.108587341639002E-8
-2.1094245440741107E-8
-2.1091617465088136E-8
-2.1093989489436184E-8
-2.1110361513785263E-8
-2.1108733538134317E-8
-2.1110105562489435E-8
-2.1109477586831415E-8
-2.1099849611182474E-8
-2.1103221635532544E-8
-2.1096593659880575E-8
-2.1109965684232685E-8
-2.1126337708581764E-8
-2.1123709732928793E-8
-2.112308175727987E-8
-2.1124453781634987E-8
-2.1129825805980007E-8
-2.1112197830333076E-8
-2.112056985467507E-8
-2.112294187903221E-8
-2.112231390337419E-8
-2.111768592772627E-8
-2.1113057952078348E-8
-2.1125429976428433E-8
-2.1123802000777483E-8
-2.1124174025121484E-8
-2.113454604947662E-8
-2.1134918073820623E-8
-2.1124290098169658E-8
-2.1116662122524764E-8
-2.112903414687485E-8
-2.1125406171219853E-8
-2.1129778195571947E-8
-2.111815021991896E-8
-2.113152224427107E-8
-2.1133894268619118E-8
-2.111926629296916E-8
-2.112363831732125E-8
-2.110801034166927E-8
-2.1108382366022366E-8
-2.109675439036938E-8
-2.1092126414721457E-8
-2.107449843906543E-8
-2.1065870463418515E-8
-2.1071242487763535E-8
-2.1062614512116616E-8
-2.1064986536464663E-8
-2.107735856081475E-8
-2.1080730585164818E-8
-2.1067102609516883E-8
-2.1064474633863912E-8
-2.1069846658208932E-8
-2.107621868256507E-8
-2.106259070690804E-8
-2.106496273126518E-8
-2.1082334755607188E-8
-2.1071706779956226E-8
-2.1066078804306282E-8
-2.10674508286614E-8
-2.1073822853008446E-8
-2.1072194877357496E-8
-2.1061566901706534E-8
-2.1076938926053592E-8
-2.1061310950410703E-8
-2.105768297475571E-8
-2.107115499910529E-8
-2.1079427023458905E-8
-2.107779904780796E-8
-2.1073171072150942E-8
-2.107654309650101E-8
-2.1073915120857136E-8
-2.1073287145199115E-8
-2.1074659169554234E-8
-2.108703119390432E-8
-2.108740321824832E-8
-2.10787752426014E-8
-2.1088147266954514E-8
-2.109551929130358E-8
-2.1074791315653105E-8
-2.1089263339995614E-8
-2.1090635364350735E-8
-2.1101007388696774E-8
-2.1093379413042784E-8
-2.1110751437393888E-8
-2.1114123461743957E-8
-2.111849548609605E-8
-2.111586751044308E-8
-2.1118239534791128E-8
-2.1121611559141197E-8
-2.111298358349428E-8
-2.1107355607844335E-8
-2.112472763219544E-8
-2.1129099656538437E-8
-2.1112471680893528E-8
-2.1119843705242594E-8
-2.1113215729590626E-8
-2.1112587753941698E-8
-2.1116959778293792E-8
-2.1128331802641855E-8
-2.1139703826989916E-8
-2.112807585133693E-8
-2.1135447875685995E-8
-2.1132819900033024E-8
-2.1129191924387127E-8
-2.112556394873213E-8
-2.1126935973087253E-8
-2.1146307997433304E-8
-2.1125680021780305E-8
-2.1126052046133402E-8
-2.113642407047944E-8
-2.113979609482951E-8
-2.1136168119183613E-8
-2.112554014353265E-8
-2.1139912167877683E-8
-2.113228419223279E-8
-2.1126656216582846E-8
-2.1119028240928856E-8
-2.1134400265275914E-8
-2.1132772289624964E-8
-2.1124144313978045E-8
-2.112951633833216E-8
-2.1135888362679206E-8
-2.1128260387025216E-8
-2.113263241137731E-8
-2.115500443572943E-8
-2.11413764600724E-8
-2.1143748484429543E-8
-2.1143120508771523E-8
-2.11384925331236E-8
-2.1138864557476698E-8
-2.115223658181971E-8
-2.1160608606170797E-8
-2.117098063052593E-8
-2.1169352654874982E-8
-2.1176724679224048E-8
-2.1178096703570074E-8
-2.1174468727924174E-8
-2.118184075227324E-8
-2.1189212776622307E-8
-2.119558480096935E-8
-2.1193956825318402E-8
-2.1211328849669506E-8
-2.1210700874020578E-8
-2.1217072898367623E-8
-2.121144492271768E-8
-2.1231816947065755E-8
-2.1222188971416815E-8
-2.1227560995761835E-8
-2.1221933020111892E-8
-2.1250305044467054E-8
-2.122167706881606E-8
-2.1237049093163118E-8
-2.12534211175122E-8
-2.126379314185824E-8
-2.1243165166214335E-8
-2.1272537190562424E-8
-2.1262909214913483E-8
-2.1268281239258507E-8
-2.1266653263607557E-8
-2.127702528796269E-8
-2.1268397312306677E-8
-2.1267769336657752E-8
-2.127514136100682E-8
-2.1291513385355898E-8
-2.1287985409707474E-8
-2.1289257434056024E-8
-2.1295529458405596E-8
-2.1306001482758203E-8
-2.1281373507106206E-8
-2.1309745531452273E-8
-2.131711755580134E-8
-2.1311489580151396E-8
-2.1302861604504478E-8
-2.1315233628854563E-8
-2.1308605653202594E-8
-2.1295977677547586E-8
-2.129934970189766E-8
-2.131172172624774E-8
-2.1301093750596778E-8
-2.1305465774948872E-8
-2.131583779929491E-8
-2.1322209823651048E-8
-2.1305581847997046E-8
-2.1310953872351162E-8
-2.1319325896693154E-8
-2.131369792104321E-8
-2.1326069945393296E-8
-2.1335441969746405E-8
-2.1330813994098484E-8
-2.1326186018441466E-8
-2.134155804279762E-8
-2.1336930067140605E-8
-2.1346302091493714E-8
-2.1346674115837716E-8
-2.135104614018981E-8
-2.135441816453988E-8
-2.1335790188890926E-8
-2.135316221324203E-8
-2.1361534237593118E-8
-2.1359906261942168E-8
-2.1372278286292253E-8
-2.1377650310637273E-8
-2.1369022334990355E-8
-2.1377394359341446E-8
-2.1370766383689478E-8
-2.1370138408040553E-8
-2.13725104323886E-8
-2.1360882456735614E-8
-2.1370254481088727E-8
-2.1367626505435752E-8
-2.1359998529781763E-8
-2.1373370554133872E-8
-2.138374257847991E-8
-2.1371114602833998E-8
-2.1381486627180037E-8
-2.1386858651534153E-8
-2.13682306758761E-8
-2.1376602700227192E-8
-2.1393974724578292E-8
-2.1454346748925426E-8
-2.137471877328041E-8
-2.1381090797627456E-8
-2.139046282198057E-8
-2.1387834846327598E-8
-2.1384206870672602E-8
-2.1382578895021653E-8
-2.138795091937577E-8
-2.1389322943721795E-8
-2.139369496807389E-8
-2.1410066992422968E-8
-2.1405439016775046E-8
-2.1396811041119035E-8
-2.1427183065469148E-8
-2.1415555089825257E-8
-2.140592711416722E-8
-2.1416299138522355E-8
-2.143367116287346E-8
-2.142404318722452E-8
-2.1421415211571547E-8
-2.1428787235920614E-8
-2.1429159260264615E-8
-2.142653128462074E-8
-2.14169033089718E-8
-2.143527533331583E-8
-2.1409647357670907E-8
-2.14180193820129E-8
-2.142739140636601E-8
-2.143276343071103E-8
-2.1442135455064144E-8
-2.1446507479416235E-8
-2.146087950376127E-8
-2.1435251528116345E-8
-2.144362355245834E-8
-2.1445995576815484E-8
-2.1465367601161535E-8
-2.146173962551564E-8
-2.146211164985964E-8
-2.1469483674208706E-8
-2.1462855698556738E-8
-2.146422772291186E-8
-2.14705997472589E-8
-2.1474971771610995E-8
-2.146434379596003E-8
-2.1462715820309084E-8
-2.1472087844653098E-8
-2.1478459869009238E-8
-2.1472831893359292E-8
-2.1466203917707327E-8
-2.149157594205642E-8
-2.1476947966406462E-8
-2.148431999075553E-8
-2.1503692015101583E-8
-2.1492064039448596E-8
-2.1487436063800675E-8
-2.150680808815582E-8
-2.15061801124978E-8
-2.149555213684684E-8
-2.1484924161195877E-8
-2.151429618555306E-8
-2.1509668209896044E-8
-2.1498040234252156E-8
-2.1515412258594164E-8
-2.1529784282948292E-8
-2.152515630730037E-8
-2.15225283316474E-8
-2.1535900355999506E-8
-2.1522272380342476E-8
-2.1521644404693552E-8
-2.152501642904362E-8
-2.152738845339167E-8
-2.1521760477741722E-8
-2.151913250208875E-8
-2.152550452644489E-8
-2.1547876550787918E-8
-2.153324857513796E-8
-2.152362059948902E-8
-2.1531992623840107E-8
-2.1531364648191182E-8
-2.1521736672542242E-8
-2.1536108696887277E-8
-2.1540480721239368E-8
-2.1539852745590444E-8
-2.1546224769937485E-8
-2.154759679428351E-8
-2.154396881863761E-8
-2.153634084298362E-8
-2.1549712867335728E-8
-2.1550084891688825E-8
-2.154345691603686E-8
-2.155482894038492E-8
-2.1557200964732968E-8
-2.1572572989080025E-8
-2.1557945013430066E-8
-2.1576317037783195E-8
-2.157868906213124E-8
-2.1573061086481296E-8
-2.157943311082834E-8
-2.1586805135177407E-8
-2.1575177159533516E-8
-2.1562549183878508E-8
-2.1586921208225577E-8
-2.158929323258272E-8
-2.1610665256923726E-8
-2.1581037281279807E-8
-2.159840930563091E-8
-2.1605781329979973E-8
-2.1598153354325984E-8
-2.1611525378678094E-8
-2.1629897403022123E-8
-2.1607269427374173E-8
-2.1605641451723224E-8
-2.1627013476073325E-8
-2.162738550042642E-8
-2.1618757524770407E-8
-2.1608129549119445E-8
-2.161850157347458E-8
-2.161187359782261E-8
-2.1610245622171662E-8
-2.1622617646521747E-8
-2.1624989670869794E-8
-2.1601361695219823E-8
-2.160873371956889E-8
-2.1624105743915946E-8
-2.1608477768263962E-8
-2.160184979262109E-8
-2.1618221816970172E-8
-2.161459384131518E-8
-2.1602965865662193E-8
-2.1600337890018317E-8
-2.161470991436335E-8
-2.160008193871339E-8
-2.1594453963063448E-8
-2.1608825987408483E-8
-2.160719801176663E-8
-2.158857003610858E-8
-2.158694206045763E-8
-2.1602314084813784E-8
-2.159168610916282E-8
-2.158205813351388E-8
-2.1593430157861942E-8
-2.1593802182205943E-8
-2.1592174206554997E-8
-2.158954623091112E-8
-2.1600918255259182E-8
-2.1593290279605192E-8
-2.1585562303953727E-8
-2.1576034328302262E-8
-2.158440635265335E-8
-2.156777837700844E-8
-2.1581150401351455E-8
-2.157052242570049E-8
-2.1574894450052583E-8
-2.1576266474398606E-8
-2.157863849875575E-8
-2.157801052309773E-8
-2.1559382547448773E-8
-2.1567754571799864E-8
-2.158112659615197E-8
-2.157149862050303E-8
-2.1548870644845985E-8
-2.1570242669196082E-8
-2.1569614693547158E-8
-2.1538986717901213E-8
-2.1554358742248274E-8
-2.1570730766597353E-8
-2.1556102790947394E-8
-2.1541474815297435E-8
-2.1556846839644492E-8
-2.1555218863993546E-8
-2.1541590888345608E-8
-2.1540962912696684E-8
-2.1546334937041704E-8
-2.1549706961391773E-8
-2.1530078985740795E-8
-2.1530451010093892E-8
-2.1546823034442974E-8
-2.1528195058794018E-8
-2.1531567083144087E-8
-2.1538939107493154E-8
-2.154031113183918E-8
-2.15246831561872E-8
-2.151805518053523E-8
-2.1539427204885328E-8
-2.1537799229234382E-8
-2.1513171253591478E-8
-2.153154327793551E-8
-2.1538915302284577E-8
-2.153228732663261E-8
-2.151765935098265E-8
-2.1536031375335775E-8
-2.1530403399685832E-8
-2.1528775424034883E-8
-2.152514744837989E-8
-2.1546519472729988E-8
-2.1520891497085065E-8
-2.1536263521432123E-8
-2.1542635545779167E-8
-2.153100757012618E-8
-2.152637959447826E-8
-2.1528751618826306E-8
-2.1529123643179403E-8
-2.1530495667525426E-8
-2.152686769187953E-8
-2.1537239716225568E-8
-2.1531611740575625E-8
-2.1519983764922638E-8
-2.1541355789272735E-8
-2.1530727813621773E-8
-2.1516099837971814E-8
-2.1537471862321915E-8
-2.1539843886669963E-8
-2.1525215911020004E-8
-2.1542587935371104E-8
-2.154195995972218E-8
-2.1541331984073255E-8
-2.1528704008418247E-8
-2.1540076032775403E-8
-2.1533448057123434E-8
-2.1543820081469473E-8
-2.1554192105815515E-8
-2.1554564130168612E-8
-2.157693615452073E-8
-2.1559308178864704E-8
-2.156468020321882E-8
-2.1582052227569924E-8
-2.1573424251913912E-8
-2.1565796276269018E-8
-2.1590168300616088E-8
-2.1587540324963117E-8
-2.1582912349315195E-8
-2.159528437366528E-8
-2.1588656398013312E-8
-2.1597028422364403E-8
-2.1596400446715476E-8
-2.159477247106453E-8
-2.15981444954146E-8
-2.160351651975962E-8
-2.1597888544109675E-8
-2.161526056846078E-8
-2.1609632592810833E-8
-2.160400461716089E-8
-2.1613376641504906E-8
-2.1613748665858003E-8
-2.1597120690203998E-8
-2.16144927145551E-8
-2.162886473890923E-8
-2.1628236763260305E-8
-2.16116087876063E-8
-2.162198081195234E-8
-2.1627352836306457E-8
-2.162372486065146E-8
-2.1623096885002537E-8
-2.1631468909353625E-8
-2.1648840933704728E-8
-2.1646212958051757E-8
-2.1635584982400795E-8
-2.1645957006746834E-8
-2.165832903109692E-8
-2.1633701055454015E-8
-2.1651073079796026E-8
-2.1652445104151145E-8
-2.1632817128500167E-8
-2.1633189152844168E-8
-2.1663561177194282E-8
-2.164593320154735E-8
-2.1647305225893376E-8
-2.1658677250250532E-8
-2.1671049274591522E-8
-2.1660421298949652E-8
-2.166779332329872E-8
-2.1670165347646766E-8
-2.1671537371992792E-8
-2.1649909396346864E-8
-2.1668281420690893E-8
-2.167365344504501E-8
-2.166602546939102E-8
-2.1663397493738048E-8
-2.167776951809218E-8
-2.1677241542440728E-8
-2.1675513566792306E-8
-2.1681885591139347E-8
-2.1676257615489404E-8
-2.1665629639838442E-8
-2.1677001664186502E-8
-2.1687373688541636E-8
-2.1673745712884606E-8
-2.166811773723466E-8
-2.1688489761582736E-8
-2.1689861785937858E-8
-2.168323381028589E-8
-2.166860583463593E-8
-2.1695977858979976E-8
-2.170534988333309E-8
-2.1688721907679083E-8
-2.169609393202815E-8
-2.1711465956384303E-8
-2.1696837980734343E-8
-2.1682210005084384E-8
-2.1712582029434498E-8
-2.169395405377645E-8
-2.1688326078126502E-8
-2.1692698102478597E-8
-2.170207012683171E-8
-2.170244215117571E-8
-2.1702814175528808E-8
-2.1714186199876868E-8
-2.1692558224221847E-8
-2.1692930248574944E-8
-2.1696302272925013E-8
-2.169767429727104E-8
-2.169404632162514E-8
-2.170041834597218E-8
-2.1710790370327315E-8
-2.1698162394672306E-8
-2.169453441902641E-8
-2.171090644337549E-8
-2.1707278467720496E-8
-2.1692650492070537E-8
-2.1699022516417578E-8
-2.170839454077069E-8
-2.169876656512175E-8
-2.1695138589466758E-8
-2.1695510613819855E-8
-2.1697882638167903E-8
-2.1702254662519994E-8
-2.1694626686866004E-8
-2.16949987112191E-8
-2.1704370735563118E-8
-2.1708742759915212E-8
-2.1706114784262238E-8
-2.170948680861231E-8
-2.169485883296235E-8
-2.1694230857313423E-8
-2.1705602881661487E-8
-2.1687974906014555E-8
-2.1681346930362587E-8
-2.1694718954714694E-8
-2.1692090979061723E-8
-2.168846300340673E-8
-2.167683502776284E-8
-2.1685207052113927E-8
-2.1671579076456897E-8
-2.1679951100807985E-8
-2.1680323125161082E-8
-2.167969514950306E-8
-2.1674067173853115E-8
-2.16654391982062E-8
-2.1677811222556284E-8
-2.1668183246907344E-8
-2.167755527125136E-8
-2.1684927295600424E-8
-2.168529931995352E-8
-2.1679671344303578E-8
-2.1677043368650607E-8
-2.1691415393004738E-8
-2.167378741734871E-8
-2.167015944170281E-8
-2.1690531466050887E-8
-2.1691903490396913E-8
-2.168527551475404E-8
-2.16966475391021E-8
-2.169901956345015E-8
-2.167839158779715E-8
-2.1685763612146215E-8
-2.1689135636496285E-8
-2.1672507660851375E-8
-2.1674879685199423E-8
-2.169025170954648E-8
-2.1689623733897555E-8
-2.1693995758240554E-8
-2.16923677825987E-8
-2.1707739806945757E-8
-2.1692111831293777E-8
-2.168648385564383E-8
-2.1704855879996955E-8
-2.1691227904339925E-8
-2.168359992869503E-8
-2.168297195303701E-8
-2.1690343977386077E-8
-2.168271600174118E-8
-2.1671088026088196E-8
-2.1676460050442312E-8
-2.1658832074786285E-8
-2.1654204099138363E-8
-2.1665576123486424E-8
-2.165994814783648E-8
-2.1647320172190567E-8
-2.1659692196531557E-8
-2.1655064220883635E-8
-2.1650436245235713E-8
-2.1656808269582755E-8
-2.166418029393182E-8
-2.165355231828086E-8
-2.164692434262889E-8
-2.1654296366987053E-8
-2.1650668391332057E-8
-2.165404041568213E-8
-2.164441244003319E-8
-2.164378446438426E-8
-2.164325648873281E-8
-2.163952851308034E-8
-2.1647900537431432E-8
-2.164527256177846E-8
-2.1622644586130508E-8
-2.1625016610478556E-8
-2.16523886348226E-8
-2.164576065917973E-8
-2.1636132683521696E-8
-2.1655504707876843E-8
-2.164487673222588E-8
-2.1632248756570872E-8
-2.1630620780919923E-8
-2.1637992805278085E-8
-2.1625364829623076E-8
-2.161373685397009E-8
-2.1622108878321177E-8
-2.1614480902667188E-8
-2.1602852927023297E-8
-2.1625224951366327E-8
-2.1609596975723438E-8
-2.160296900007147E-8
-2.161334102441751E-8
-2.1620713048766575E-8
-2.162608507312069E-8
-2.16184570974667E-8
-2.1621829121816774E-8
-2.1628201146163815E-8
-2.1622573170513872E-8
-2.162294519486697E-8
-2.164531721921909E-8
-2.162468924356609E-8
-2.1634061267910106E-8
-2.1635433292265224E-8
-2.163680531661125E-8
-2.1637177340964347E-8
-2.164154936531644E-8
-2.164092138965842E-8
-2.1640293414009493E-8
-2.1624665438357512E-8
-2.163903746271164E-8
-2.1647409487062732E-8
-2.1638781511406717E-8
-2.165615353575782E-8
-2.1657525560103847E-8
-2.164489758445793E-8
-2.1653269608809022E-8
-2.1667641633154055E-8
-2.165901365750714E-8
-2.165738568185619E-8
-2.166275770620121E-8
-2.1673129730556344E-8
-2.166950175490135E-8
-2.1667873779250402E-8
-2.1695245803603543E-8
-2.1676617827954587E-8
-2.1664989852301603E-8
-2.169236187665474E-8
-2.1695733901004814E-8
-2.1689105925352846E-8
-2.1696477949701912E-8
-2.170984997405402E-8
-2.1695221998394964E-8
-2.169459402274604E-8
-2.171096604709512E-8
-2.1724338071447228E-8
-2.172271009579628E-8
-2.1736082120148385E-8
-2.1751454144495443E-8
-2.173482616884144E-8
-2.174919819319557E-8
-2.1766570217546672E-8
-2.1770942241898767E-8
-2.1769314266247817E-8
-2.17856862905969E-8
-2.178505831493888E-8
-2.1779430339288932E-8
-2.1793802363643064E-8
-2.180617438799315E-8
-2.1803546412340178E-8
-2.1842918436690304E-8
-2.1822290461037305E-8
-2.1810662485393413E-8
-2.1815034509736412E-8
-2.1831506534092062E-8
-2.1841778558440625E-8
-2.1826150582788644E-8
-2.183352260713771E-8
-2.1853894631485787E-8
-2.1856266655833834E-8
-2.185063868018389E-8
-2.186601070453095E-8
-2.1862382728885048E-8
-2.1857754753237127E-8
-2.1886126777583197E-8
-2.188549880193427E-8
-2.1882870826281298E-8
-2.189424285062936E-8
-2.1907614874981468E-8
-2.1903986899326476E-8
-2.1916358923676557E-8
-2.1937730948026658E-8
-2.193610297237571E-8
-2.1923474996729796E-8
-2.1934847021077856E-8
-2.1948219045429966E-8
-2.1954591069777008E-8
-2.195096309413111E-8
-2.196833511847312E-8
-2.197770714282623E-8
-2.197607916717528E-8
-2.1985451191528392E-8
-2.1983823215877442E-8
-2.199119524022651E-8
-2.199456726457658E-8
-2.2002939288918573E-8
-2.1985311313271642E-8
-2.199868333762375E-8
-2.2000055361969775E-8
-2.2008427386320863E-8
-2.2004799410665867E-8
-2.2004171435016942E-8
-2.201054345937308E-8
-2.2014915483716078E-8
-2.199328750807015E-8
-2.200665953242226E-8
-2.2006031556764236E-8
-2.2000403581114292E-8
-2.2003775605464362E-8
-2.2002147629813415E-8
-2.198451965416648E-8
-2.2009891678515576E-8
-2.1999263702864614E-8
-2.201463572721167E-8
-2.201000775156375E-8
-2.2015379775908772E-8
-2.201575180026187E-8
-2.2011123824613948E-8
-2.201149584895795E-8
-2.2024867873310055E-8
-2.2007239897663124E-8
-2.2001611922013178E-8
-2.2008983946362244E-8
-2.2009355970706245E-8
-2.201472799506036E-8
-2.201210001940739E-8
-2.2022472043753432E-8
-2.2008844068105494E-8
-2.201521609245254E-8
-2.2016588116807657E-8
-2.201796014115368E-8
-2.2005332165507768E-8
-2.202870418985282E-8
-2.202507621420692E-8
-2.2001448238556944E-8
-2.201382026290703E-8
-2.2031192287249037E-8
-2.2020564311598075E-8
-2.2008936335954184E-8
-2.2025308360303266E-8
-2.202068038464625E-8
-2.2026052409000364E-8
-2.2016424433351424E-8
-2.202879645770151E-8
-2.2013168482049525E-8
-2.2016540506399598E-8
-2.201791253074562E-8
-2.2019284555100742E-8
-2.2019656579444743E-8
-2.2013028603792775E-8
-2.2021400628143863E-8
-2.2012772652496948E-8
-2.200614467684498E-8
-2.2016516701191018E-8
-2.2007888725544103E-8
-2.2000260749890113E-8
-2.202463277424628E-8
-2.201200479859127E-8
-2.1988376822941295E-8
-2.2001748847293405E-8
-2.2015120871636416E-8
-2.198349289598845E-8
-2.1995864920338535E-8
-2.2024236944684605E-8
-2.2009608969034646E-8
-2.2008980993385718E-8
-2.2009353017738815E-8
-2.2005725042083823E-8
-2.200609706643692E-8
-2.200346909078395E-8
-2.1991841115140058E-8
-2.1981213139489096E-8
-2.1986585163834115E-8
-2.19989571881842E-8
-2.1992329212532232E-8
-2.198670123688229E-8
-2.2007073261230365E-8
-2.19964452855794E-8
-2.1992817309933503E-8
-2.1992189334284575E-8
-2.200556135862759E-8
-2.1991933382979652E-8
-2.1983305407332736E-8
-2.199767743167777E-8
-2.1997049456028844E-8
-2.19914214803789E-8
-2.1984793504726933E-8
-2.1984165529078008E-8
-2.1991537553427074E-8
-2.1979909577774087E-8
-2.199818160212974E-8
-2.199265362647727E-8
-2.198302565082833E-8
-2.1990397675177395E-8
-2.2002769699527477E-8
-2.1981141723872456E-8
-2.1988513748221523E-8
-2.200788577257667E-8
-2.2003257796919655E-8
-2.2004629821274774E-8
-2.2008001845624843E-8
-2.201737386996886E-8
-2.198974589431989E-8
-2.1983117918667923E-8
-2.199648994302003E-8
-2.1996861967364034E-8
-2.199723399171713E-8
-2.1998606016063154E-8
-2.1989978040416235E-8
-2.199535006477035E-8
-2.199472208911233E-8
-2.2013094113465456E-8
-2.2002466137814494E-8
-2.200283816216759E-8
-2.200521018651564E-8
-2.2012582210864705E-8
-2.1989954235216755E-8
-2.2001326259564815E-8
-2.200769828391186E-8
-2.1994070308263922E-8
-2.1993442332614998E-8
-2.200681435695801E-8
-2.1994186381312096E-8
-2.1996558405660144E-8
-2.2015930430006198E-8
-2.201530245435727E-8
-2.20126744787043E-8
-2.2012046503055375E-8
-2.201941852740444E-8
-2.202179055175249E-8
-2.200516257610758E-8
-2.2018534600459686E-8
-2.2007906624808724E-8
-2.199227864915674E-8
-2.2005650673499754E-8
-2.2009022697849823E-8
-2.1999394722200883E-8
-2.200176674654893E-8
-2.200313877090405E-8
-2.2005510795252096E-8
-2.1993882819599113E-8
-2.2010254843948192E-8
-2.1996626868300257E-8
-2.1993998892647286E-8
-2.1990370917001386E-8
-2.199174294134741E-8
-2.1975114965693407E-8
-2.1971486990047507E-8
-2.1997859014398626E-8
-2.197323103874663E-8
-2.19766030630967E-8
-2.1979975087446768E-8
-2.1981347111792794E-8
-2.1963719136145863E-8
-2.199309116049395E-8
-2.1981463184840968E-8
-2.1976835209193046E-8
-2.1968207233546127E-8
-2.1975579257895194E-8
-2.1956951282237145E-8
-2.196232330659126E-8
-2.1963695330937283E-8
-2.1965067355292402E-8
-2.195643937963639E-8
-2.196481140398748E-8
-2.1963183428336532E-8
-2.1950555452690617E-8
-2.196392747703363E-8
-2.19672995013837E-8
-2.1961671525733757E-8
-2.1970043550084845E-8
-2.197441557443694E-8
-2.1964787598787998E-8
-2.1960059623133508E-8
-2.1972531647481066E-8
-2.1965903671829098E-8
-2.1946275696187216E-8
-2.1968647720530242E-8
-2.196901974488334E-8
-2.1952391769229334E-8
-2.195876379357638E-8
-2.1960135817931497E-8
-2.1963507842281566E-8
-2.1944879866632613E-8
-2.196525189098069E-8
-2.1951623915332752E-8
-2.194899593967978E-8
-2.1955367964026826E-8
-2.1959739988378916E-8
-2.1952112012724927E-8
-2.1945484037072962E-8
-2.1968856061427106E-8
-2.195122808577108E-8
-2.1946600110123157E-8
-2.1953972134472223E-8
-2.1957344158822293E-8
-2.1950716183170324E-8
-2.1960088207523437E-8
-2.1958460231872488E-8
-2.19678322562256E-8
-2.202720428057071E-8
-2.1977576304922715E-8
-2.1965948329269728E-8
-2.1949320353615722E-8
-2.1981692377969882E-8
-2.1974064402315892E-8
-2.197643642666394E-8
-2.1985808451017053E-8
-2.198618047537015E-8
-2.199255249971719E-8
-2.1977924524067232E-8
-2.2010296548412296E-8
-2.1996668572764362E-8
-2.1975040597118434E-8
-2.1989412621463466E-8
-2.1996784645812532E-8
-2.1981156670160552E-8
-2.1994528694512658E-8
-2.2005900718860722E-8
-2.200727274321584E-8
-2.200664476755782E-8
-2.2011016791909914E-8
-2.201138881626301E-8
-2.2004760840611043E-8
-2.201313286496213E-8
-2.201050488930916E-8
-2.2009876913660235E-8
-2.200624893800524E-8
-2.2008620962353287E-8
-2.201099298671043E-8
-2.2005365011060487E-8
-2.2023737035404517E-8
-2.201710905975255E-8
-2.2013481084106652E-8
-2.2020853108455718E-8
-2.2017225132800722E-8
-2.2013597157154822E-8
-2.200496918149881E-8
-2.2019341205852942E-8
-2.201471323020502E-8
-2.201308525455407E-8
-2.201745727889707E-8
-2.201982930325421E-8
-2.2016201327599217E-8
-2.202057335195131E-8
-2.201894537630036E-8
-2.1998317400647362E-8
-2.2007689425000472E-8
-2.2007061449351547E-8
-2.2019433473692536E-8
-2.2006805498046624E-8
-2.201917752239671E-8
-2.2009549546747768E-8
-2.199492157109781E-8
-2.2012293595439817E-8
-2.2004665619794923E-8
-2.2009037644147014E-8
-2.201040966849304E-8
-2.202078169283908E-8
-2.200715371719114E-8
-2.200952574153919E-8
-2.2013897765891283E-8
-2.2007269790239315E-8
-2.202064181459142E-8
-2.2020013838942497E-8
-2.2011385863286486E-8
-2.199275788763753E-8
-2.2011129911990655E-8
-2.2006501936333637E-8
-2.2001873960685716E-8
-2.200824598503276E-8
-2.2014618009388898E-8
-2.2003990033737936E-8
-2.1996362058083946E-8
-2.2003734082433012E-8
-2.2012206106781573E-8
-2.1995478131130095E-8
-2.2004850155483207E-8
-2.1999222179833264E-8
-2.1993594204183318E-8
-2.1976966228529315E-8
-2.1981338252881406E-8
-2.1975710277231463E-8
-2.1958082301575436E-8
-2.197045432592552E-8
-2.1964826350275574E-8
-2.1947198374628643E-8
-2.1963570398977725E-8
-2.1955942423323735E-8
-2.194531444767277E-8
-2.1947686472029913E-8
-2.194905849637594E-8
-2.195843052072905E-8
-2.1949802545073038E-8
-2.1951174569428156E-8
-2.1951546593772157E-8
-2.1938918618126245E-8
-2.1934290642469227E-8
-2.1947662666821337E-8
-2.1930034691174402E-8
-2.1920406715525462E-8
-2.1933778739868476E-8
-2.1921150764222563E-8
-2.1909522788569577E-8
-2.1912894812919646E-8
-2.1908266837271724E-8
-2.1908638861615725E-8
-2.190701088596478E-8
-2.191638291031789E-8
-2.189675493466691E-8
-2.1905126959018002E-8
-2.1912498983367065E-8
-2.1922871007713107E-8
-2.19022430320692E-8
-2.1919615056411208E-8
-2.1913987080761265E-8
-2.1905359105114346E-8
-2.192273112946545E-8
-2.1927103153808448E-8
-2.189347517816553E-8
-2.1920847202509577E-8
-2.1913219226864683E-8
-2.1892591251211684E-8
-2.1886963275561737E-8
-2.189733529990778E-8
-2.1900607324260372E-8
-2.1898079348604877E-8
-2.1902451372956968E-8
-2.1896823397307025E-8
-2.18961954216581E-8
-2.1889567446006132E-8
-2.189483947035368E-8
-2.1867311494702183E-8
-2.187368351905832E-8
-2.1898055543405393E-8
-2.187442756775542E-8
-2.187779959210549E-8
-2.189617161644952E-8
-2.18915436408016E-8
-2.1888915665148628E-8
-2.190528768949771E-8
-2.18886597138528E-8
-2.188703173820185E-8
-2.1898403762549914E-8
-2.1891775786897946E-8
-2.1884147811253052E-8
-2.187651983559906E-8
-2.1882891859946104E-8
-2.187726388429616E-8
-2.187263590864824E-8
-2.187800793299326E-8
-2.1866379957349368E-8
-2.1869751981699437E-8
-2.1876124006046482E-8
-2.1859496030392476E-8
-2.1874868054739533E-8
-2.1877240079096677E-8
-2.1858612103438628E-8
-2.1858984127791725E-8
-2.1856356152138754E-8
-2.185672817649185E-8
-2.185210020084393E-8
-2.187147222518998E-8
-2.1873844249538028E-8
-2.1864216273889088E-8
-2.1871588298238154E-8
-2.1866960322590232E-8
-2.1853332346942298E-8
-2.1864704371290358E-8
-2.1855076395632322E-8
-2.1844448419990456E-8
-2.1843820444332435E-8
-2.185519246868959E-8
-2.185756449303764E-8
-2.1852936517380622E-8
-2.188930854173378E-8
-2.1858680566087834E-8
-2.1856052590434863E-8
-2.1873424614785967E-8
-2.186079663913096E-8
-2.185316866347697E-8
-2.1861540687828057E-8
-2.1855912712178114E-8
-2.1845284736527148E-8
-2.1855656760882283E-8
-2.184702878522627E-8
-2.1846400809577347E-8
-2.1831772833927388E-8
-2.1843144858275448E-8
-2.1841516882624498E-8
-2.1836888906976577E-8
-2.1838260931322603E-8
-2.183363295567468E-8
-2.1820004980026743E-8
-2.1837377004377847E-8
-2.1849749028727932E-8
-2.1827121053070886E-8
-2.185049307742503E-8
-2.1858865101776122E-8
-2.1848237126125156E-8
-2.1850609150473204E-8
-2.186998117481926E-8
-2.1864353199169315E-8
-2.183872522352439E-8
-2.1872097247871475E-8
-2.18774692722165E-8
-2.186384129656856E-8
-2.1873213320921674E-8
-2.1861585345268687E-8
-2.1858957369615716E-8
-2.1868329393968825E-8
-2.1854701418311795E-8
-2.1864073442664908E-8
-2.1870545467018518E-8
-2.186081749136301E-8
-2.1855189515713066E-8
-2.1847561540059076E-8
-2.1861933564413204E-8
-2.1852305588764264E-8
-2.1856677613116358E-8
-2.1877049637464434E-8
-2.1852421661812438E-8
-2.1854793686160485E-8
-2.1865165710506524E-8
-2.185753773486163E-8
-2.186790975920767E-8
-2.187128178355774E-8
-2.186665380790982E-8
-2.187102583226191E-8
-2.184939785660689E-8
-2.1850769880952912E-8
-2.1837141905304978E-8
-2.1839513929653022E-8
-2.1850885954001086E-8
-2.1843257978356192E-8
-2.1835630002702202E-8
-2.1846002027057336E-8
-2.1843374051404365E-8
-2.1829746075756428E-8
-2.183611810010347E-8
-2.1843490124452536E-8
-2.1835862148798546E-8
-2.1838234173146594E-8
-2.1852606197500725E-8
-2.184897822184573E-8
-2.1841350246200835E-8
-2.186072227054689E-8
-2.184609429489693E-8
-2.184346631924396E-8
-2.186383834360113E-8
-2.1850210367944098E-8
-2.1831582392295145E-8
-2.184395441664523E-8
-2.1846326440993278E-8
-2.183969846534131E-8
-2.1857070489692413E-8
-2.1863442514039455E-8
-2.184781453839657E-8
-2.1841186562744602E-8
-2.1859558587088635E-8
-2.1857930611437685E-8
-2.1851302635794813E-8
-2.186067466013883E-8
-2.1848046684492914E-8
-2.18434187088359E-8
-2.1848790733190015E-8
-2.1855162757537057E-8
-2.1858534781887126E-8
-2.1858906806240223E-8
-2.1872278830583237E-8
-2.1867650854935315E-8
-2.1846022879289387E-8
-2.1860394903634423E-8
-2.184976692798346E-8
-2.185113895233858E-8
-2.186451097668159E-8
-2.1864883001034687E-8
-2.1857255025380697E-8
-2.188462704973384E-8
-2.18709990740859E-8
-2.1856371098435945E-8
-2.1864743122777937E-8
-2.1863115147126988E-8
-2.1863487171480085E-8
-2.1860859195827114E-8
-2.1865231220179208E-8
-2.185160324453127E-8
-2.183797526887424E-8
-2.185434729322332E-8
-2.1843719317581453E-8
-2.18460913419295E-8
-2.1865463366275552E-8
-2.1843835390629627E-8
-2.183720741497766E-8
-2.1853579439326737E-8
-2.1847851463670226E-8
-2.1845323488023823E-8
-2.1850695512368843E-8
-2.1857067536724984E-8
-2.1851439561075037E-8
-2.1841811585426097E-8
-2.1865183609771148E-8
-2.186455563412222E-8
-2.1833927658467183E-8
-2.1830299682821283E-8
-2.1838671707172374E-8
-2.1836043731519403E-8
-2.1829415755867435E-8
-2.1842787780219542E-8
-2.1835159804565552E-8
-2.181953182891357E-8
-2.1834903853269725E-8
-2.1838275877619794E-8
-2.1829647901963782E-8
-2.1842019926313864E-8
-2.1831391950662902E-8
-2.183276397501802E-8
-2.1828135999361007E-8
-2.1838608023713614E-8
-2.1821880048062135E-8
-2.1822252072415232E-8
-2.1833624096763293E-8
-2.182199612111031E-8
-2.182136814546138E-8
-2.1808740169806373E-8
-2.181611219415544E-8
-2.1811484218507517E-8
-2.181985624285861E-8
-2.182622826720565E-8
-2.180860029155872E-8
-2.183097231591084E-8
-2.1826344340253824E-8
-2.1814716364609933E-8
-2.1800088388950878E-8
-2.1812460413300963E-8
-2.180583243765809E-8
-2.180520446200007E-8
-2.1809576486352164E-8
-2.1803948510702218E-8
-2.1792320535049234E-8
-2.179769255940335E-8
-2.17960645837524E-8
-2.1792436608097408E-8
-2.180280863245254E-8
-2.181318065679858E-8
-2.180355268114964E-8
-2.1792924705498675E-8
-2.1827296729847786E-8
-2.181066875419378E-8
-2.1799040778549892E-8
-2.181541280289897E-8
-2.1797784827242944E-8
-2.1801156851593013E-8
-2.1802528875948135E-8
-2.1821900900294186E-8
-2.1809272924648273E-8
-2.1804644948991256E-8
-2.1813016973342347E-8
-2.1795388997695413E-8
-2.178976102204547E-8
-2.1808133046389502E-8
-2.1801505070737534E-8
-2.179387709509264E-8
-2.181124911944374E-8
-2.181562114378674E-8
-2.1796993168137786E-8
-2.1801365192489877E-8
-2.1816737216836934E-8
-2.181010924118497E-8
-2.1810481265538066E-8
-2.1821853289886126E-8
-2.1821225314237202E-8
-2.1807597338589264E-8
-2.1833969362931288E-8
-2.1827341387288416E-8
-2.1818713411632404E-8
-2.183408543597946E-8
-2.1828457460329515E-8
-2.181482948468158E-8
-2.181820150903165E-8
-2.1817573533382725E-8
-2.1804945557727717E-8
-2.182831758208186E-8
-2.1841689606433968E-8
-2.1831061630783006E-8
-2.1839433655124998E-8
-2.1836805679481123E-8
-2.183817770382715E-8
-2.184454972817419E-8
-2.1861921752525294E-8
-2.1837293776873297E-8
-2.1837665801226394E-8
-2.183703782557747E-8
-2.1863409849928586E-8
-2.1855781874274596E-8
-2.186015389862669E-8
-2.1877525922977794E-8
-2.1875897947326845E-8
-2.1877269971672868E-8
-2.189864199602297E-8
-2.1893014020373025E-8
-2.188738604472308E-8
-2.1898758069071142E-8
-2.1884130093421183E-8
-2.1894502117767222E-8
-2.1906874142117307E-8
-2.189624616646634E-8
-2.1899618190816414E-8
-2.19119902151665E-8
-2.1916462239516066E-8
-2.190483426386308E-8
-2.1922106288216707E-8
-2.193147831256982E-8
-2.1929950336916346E-8
-2.1933222361268943E-8
-2.1957594385616013E-8
-2.194096640996201E-8
-2.1954338434314117E-8
-2.1956710458662165E-8
-2.1954082483009194E-8
-2.1942454507365302E-8
-2.1969826531709348E-8
-2.1958198556065457E-8
-2.1963570580410477E-8
-2.1962942604761552E-8
-2.1969314629108594E-8
-2.195868665345763E-8
-2.1971058677807717E-8
-2.197543070215981E-8
-2.1981802726506852E-8
-2.196917475086094E-8
-2.1984546775207997E-8
-2.197091879956006E-8
-2.1975290823903058E-8
-2.1987662848253143E-8
-2.199603487260423E-8
-2.198040689695225E-8
-2.197777892129928E-8
-2.1995150945650383E-8
-2.1991522970004483E-8
-2.1981894994355542E-8
-2.2009267018699588E-8
-2.198963904304861E-8
-2.1985011067400688E-8
-2.2011383091751808E-8
-2.20157551161039E-8
-2.2012127140448906E-8
-2.201149916479998E-8
-2.2007871189144985E-8
-2.2003243213497064E-8
-2.200261523784814E-8
-2.2021987262194194E-8
-2.2013359286547275E-8
-2.2013731310891276E-8
-2.202410333524641E-8
-2.2025475359592436E-8
-2.2022847383948558E-8
-2.2031219408290553E-8
-2.204459143264266E-8
-2.2033963456991698E-8
-2.203233548134075E-8
-2.2050707505693874E-8
-2.2038079530038865E-8
-2.2051451554390972E-8
-2.2057823578738017E-8
-2.205119560308605E-8
-2.2050567627437124E-8
-2.206293965178721E-8
-2.207231167614032E-8
-2.2056683700488338E-8
-2.2065055724839426E-8
-2.2074427749183443E-8
-2.2077799773533512E-8
-2.2089171797881576E-8
-2.2097543822232664E-8
-2.2075915846586735E-8
-2.2094287870930768E-8
-2.2102659895281856E-8
-2.2077031919636934E-8
-2.2090403943979945E-8
-2.2141775968336155E-8
-2.2092147992679068E-8
-2.2092520017032165E-8
-2.2098892041379206E-8
-2.2099264065732303E-8
-2.2099636090076304E-8
-2.210500811443042E-8
-2.2129380138777493E-8
-2.2115752163129556E-8
-2.2118124187477603E-8
-2.211249621182766E-8
-2.2119868236176726E-8
-2.2124240260528817E-8
-2.2131612284877884E-8
-2.213398430922593E-8
-2.2143356333579044E-8
-2.2140728357926073E-8
-2.213210038227006E-8
-2.2136472406622153E-8
-2.214684443096819E-8
-2.2133216455320257E-8
-2.2130588479667286E-8
-2.2162960504021443E-8
-2.216033252836847E-8
-2.215570455272055E-8
-2.2152076577065557E-8
-2.2161448601418667E-8
-2.2151820625769726E-8
-2.2147192650121805E-8
-2.216056467446482E-8
-2.215893669881387E-8
-2.214230872316896E-8
-2.2152680747515E-8
-2.216105277186609E-8
-2.2150424796215124E-8
-2.2161796820563187E-8
-2.2170168844914275E-8
-2.2159540869263313E-8
-2.2163912893615408E-8
-2.2186284917958434E-8
-2.2165656942314527E-8
-2.2157028966658516E-8
-2.2165400991009604E-8
-2.215277301536369E-8
-2.2152145039714763E-8
-2.2168517064063846E-8
-2.2161889088411877E-8
-2.2164261112759925E-8
-2.2161633137106954E-8
-2.2164005161455002E-8
-2.214837718580302E-8
-2.2173749210161208E-8
-2.2167121234509243E-8
-2.2141493258855222E-8
-2.21368652832073E-8
-2.2156237307553355E-8
-2.2146609331904414E-8
-2.213298135625648E-8
-2.213635338060655E-8
-2.2148725404956634E-8
-2.2130097429298586E-8
-2.2134469453650676E-8
-2.214484147800581E-8
-2.215021350235083E-8
-2.2137585526695822E-8
-2.2147957551050957E-8
-2.2131329575396954E-8
-2.2134701599747024E-8
-2.213707362409507E-8
-2.2124445648449155E-8
-2.2118817672799212E-8
-2.2119189697143213E-8
-2.2130561721500372E-8
-2.2136933745847414E-8
-2.2129305770193424E-8
-2.2138677794546537E-8
-2.2124049818896578E-8
-2.211942184323956E-8
-2.2134793867595714E-8
-2.2141165891942755E-8
-2.2116537916290762E-8
-2.2128909940640844E-8
-2.213028196498687E-8
-2.2129653989337945E-8
-2.2125026013690023E-8
-2.2136398038038084E-8
-2.2134770062387134E-8
-2.213214208674326E-8
-2.2133514111089285E-8
-2.2143886135435324E-8
-2.215225815978641E-8
-2.2156630184138506E-8
-2.216900220848859E-8
-2.2157374232835604E-8
-2.214474625718969E-8
-2.2152118281538757E-8
-2.216449030588884E-8
-2.2160862330233847E-8
-2.2175234354578882E-8
-2.218260637893704E-8
-2.2177978403280027E-8
-2.2178350427633124E-8
-2.2199722451983222E-8
-2.2186094476335287E-8
-2.2183466500682316E-8
-2.218583852503036E-8
-2.2200210549375397E-8
-2.2188582573731505E-8
-2.220385459808109E-8
-2.2210326622425608E-8
-2.2199798646781214E-8
-2.2207070671123712E-8
-2.227744269547288E-8
-2.219281471982685E-8
-2.220918674417593E-8
-2.2203558768525985E-8
-2.2191930792873E-8
-2.2197302817227114E-8
-2.2207674841573153E-8
-2.221304686592727E-8
-2.219341889027629E-8
-2.22107909146183E-8
-2.2216162938972414E-8
-2.2199534963318412E-8
-2.221290698767052E-8
-2.221927901201756E-8
-2.2229651036372695E-8
-2.2219023060721733E-8
-2.222039508506776E-8
-2.2225767109421874E-8
-2.222513913376385E-8
-2.2234511158116964E-8
-2.2231883182463993E-8
-2.22242552068191E-8
-2.2240627231168178E-8
-2.2248999255519265E-8
-2.2230371279861217E-8
-2.22467433042103E-8
-2.2253115328566436E-8
-2.2243487352917496E-8
-2.2242859377259475E-8
-2.2247231401611566E-8
-2.224360342596567E-8
-2.224197545031472E-8
-2.2251347474658737E-8
-2.223971949900575E-8
-2.2250091523360884E-8
-2.224946354771196E-8
-2.2243835572062013E-8
-2.2249207596407036E-8
-2.226247962076167E-8
-2.2254951645105153E-8
-2.2246323669458235E-8
-2.2243695693805264E-8
-2.2260067718154346E-8
-2.2256439742508446E-8
-2.2247811766852434E-8
-2.2251183791202504E-8
-2.225355581555055E-8
-2.2252927839901623E-8
-2.2259299864248668E-8
-2.2253671888598725E-8
-2.2240043912950787E-8
-2.2237415937297816E-8
-2.2243787961653953E-8
-2.223815998600401E-8
-2.2231532010352042E-8
-2.2249904034696075E-8
-2.2220276059052155E-8
-2.2225648083397175E-8
-2.2235020107750285E-8
-2.2215392132099307E-8
-2.2212764156446336E-8
-2.2223136180792378E-8
-2.2226508205142447E-8
-2.2216880229493507E-8
-2.2238252253843604E-8
-2.2225624278197692E-8
-2.2223996302546742E-8
-2.222836832688974E-8
-2.22187403512408E-8
-2.222211237559087E-8
-2.223048439994196E-8
-2.222585642429404E-8
-2.2209228448640033E-8
-2.222760047299316E-8
-2.2229972497341206E-8
-2.2217344521686198E-8
-2.2224716546035264E-8
-2.2228088570385333E-8
-2.222246059473539E-8
-2.2229832619084457E-8
-2.222720464344058E-8
-2.2212576667790622E-8
-2.2225948692133633E-8
-2.222632071648673E-8
-2.220569274083373E-8
-2.2226064765181807E-8
-2.2224436789530857E-8
-2.2223808813881933E-8
-2.2229180838236048E-8
-2.2239552862582087E-8
-2.2224924886932128E-8
-2.2224296911283203E-8
-2.2236668935633288E-8
-2.2234040959980314E-8
-2.2231412984327343E-8
-2.2228785008683468E-8
-2.2237157033025463E-8
-2.2236529057376535E-8
-2.2244901081727623E-8
-2.225227310607669E-8
-2.2256645130428784E-8
-2.225301715477379E-8
-2.226938917912287E-8
-2.225976120347393E-8
-2.225713322782096E-8
-2.2270505252173065E-8
-2.22638772765211E-8
-2.2264249300874197E-8
-2.227862132521923E-8
-2.2270993349574336E-8
-2.2260365373923374E-8
-2.2276737398272453E-8
-2.2263109422624518E-8
-2.2268481446969538E-8
-2.227485347131658E-8
-2.2270225495668658E-8
-2.226659752002276E-8
-2.2255969544371796E-8
-2.224934156871983E-8
-2.224171359306584E-8
-2.2254085617415926E-8
-2.2263457641769036E-8
-2.2244829666120083E-8
-2.2250201690465103E-8
-2.2251573714811126E-8
-2.2243945739166232E-8
-2.224931776351125E-8
-2.2268689787866402E-8
-2.2275061812213443E-8
-2.2262433836558435E-8
-2.2273805860915594E-8
-2.2277177885265663E-8
-2.2283549909612705E-8
-2.2291921933963796E-8
-2.228629395831385E-8
-2.2293665982662916E-8
-2.2303038007006933E-8
-2.230541003135498E-8
-2.2296782055708062E-8
-2.2307154080054104E-8
-2.2303526104408204E-8
-2.2307898128760294E-8
-2.2311270153110367E-8
-2.2308642177457396E-8
-2.2312014201807465E-8
-2.2312386226151466E-8
-2.2313758250506585E-8
-2.2319130274851608E-8
-2.23235022992037E-8
-2.2319874323548706E-8
-2.2308246347904815E-8
-2.2313618372249835E-8
-2.2311990396598886E-8
-2.231036242094794E-8
-2.2316734445304077E-8
-2.2321106469647075E-8
-2.2321478494000172E-8
-2.232485051835024E-8
-2.233422254269426E-8
-2.2323594567043296E-8
-2.2327966591395387E-8
-2.2330338615743435E-8
-2.2325710640095513E-8
-2.234108266444257E-8
-2.2332454688795655E-8
-2.2332826713148752E-8
-2.233719873749175E-8
-2.234157076184384E-8
-2.233094278619288E-8
-2.2327314810537883E-8
-2.2340686834889993E-8
-2.2331058859241053E-8
-2.234443088359316E-8
-2.2359802907940217E-8
-2.2356174932294317E-8
-2.2351546956637302E-8
-2.235991898098839E-8
-2.234529100533843E-8
-2.234266302968546E-8
-2.2349035054041597E-8
-2.2354407078386617E-8
-2.2348779102736674E-8
-2.236115112708676E-8
-2.234552315143478E-8
-2.235789517578486E-8
-2.235326720013694E-8
-2.2353639224480943E-8
-2.2344011248832003E-8
-2.23443832731851E-8
-2.2335755297529085E-8
-2.23411273218832E-8
-2.2342499346229227E-8
-2.2350871370580315E-8
-2.2327243394930343E-8
-2.2346615419276394E-8
-2.2329987443631484E-8
-2.232335946797952E-8
-2.2325731492327567E-8
-2.233210351667461E-8
-2.2319475541028696E-8
-2.2321847565376744E-8
-2.234021958972987E-8
-2.232759161407486E-8
-2.2329963638422908E-8
-2.2349335662778058E-8
-2.2338607687120525E-8
-2.234107971147514E-8
-2.2348451735824207E-8
-2.2349823760170233E-8
-2.2338195784526342E-8
-2.2351567808869353E-8
-2.235193983322245E-8
-2.2358311857569495E-8
-2.2366683881920583E-8
-2.2352055906270624E-8
-2.235942793061969E-8
-2.2360799954965713E-8
-2.236117197931881E-8
-2.2367544003665855E-8
-2.2381916028019983E-8
-2.2369288052364974E-8
-2.237466007671909E-8
-2.2388032101062104E-8
-2.2379404125415185E-8
-2.2363776149763205E-8
-2.237414817411834E-8
-2.2389520198465396E-8
-2.2376892222810388E-8
-2.23862642471635E-8
-2.2406636271511577E-8
-2.239500829585859E-8
-2.2392380320214715E-8
-2.2407752344561772E-8
-2.2407124368912847E-8
-2.240249639325583E-8
-2.2408868417611967E-8
-2.240924044195597E-8
-2.2399612466307028E-8
-2.24058844906566E-8
-2.240735651500919E-8
-2.240562853936077E-8
-2.2417100563706305E-8
-2.2412472588058384E-8
-2.2415844612408453E-8
-2.2428216636758538E-8
-2.2422588661108595E-8
-2.2423860685457145E-8
-2.2426332709802665E-8
-2.243270473414971E-8
-2.241007675850176E-8
-2.24164487828488E-8
-2.2419820807198874E-8
-2.2407192831552958E-8
-2.242856485590306E-8
-2.2432936880246057E-8
-2.2423308904597117E-8
-2.2439680928946196E-8
-2.2436052953300296E-8
-2.24364249776443E-8
-2.243779700199942E-8
-2.244316902634444E-8
-2.2432541050693476E-8
-2.244991307504458E-8
-2.2444285099394634E-8
-2.2447657123744706E-8
-2.2458029148090745E-8
-2.2456401172439795E-8
-2.245577319679087E-8
-2.2473145221141975E-8
-2.2459517245494037E-8
-2.2461789269844612E-8
-2.2483261294192182E-8
-2.2476633318540217E-8
-2.24640053428943E-8
-2.2483377367240356E-8
-2.2479749391585363E-8
-2.2479121415936435E-8
-2.2486493440285502E-8
-2.2484865464634556E-8
-2.2470237488984596E-8
-2.249560951333369E-8
-2.2492081537685264E-8
-2.2492353562031792E-8
-2.2483725586384877E-8
-2.2491097610733943E-8
-2.249346963508199E-8
-2.2497841659434082E-8
-2.24822136837821E-8
-2.247958570812913E-8
-2.248395773248122E-8
-2.2483329756832296E-8
-2.246970178118436E-8
-2.248607380553344E-8
-2.2485445829884516E-8
-2.2483817854233567E-8
-2.2487189878583636E-8
-2.2497561902929675E-8
-2.2471933927275656E-8
-2.2486305951629788E-8
-2.248067797597984E-8
-2.2480050000330917E-8
-2.248142202467694E-8
-2.2487794049023984E-8
-2.2467166073380077E-8
-2.248553809772411E-8
-2.247091012207415E-8
-2.246828214642118E-8
-2.2475654170770247E-8
-2.2540026195125466E-8
-2.2466398219474403E-8
-2.2470770243826494E-8
-2.2476142268171517E-8
-2.246451429251853E-8
-2.2463886316869606E-8
-2.2475258341217666E-8
-2.2455630365566688E-8
-2.2463002389915754E-8
-2.246837441426987E-8
-2.2454746438621933E-8
-2.2453118462970986E-8
-2.2460490487320053E-8
-2.2453862511668085E-8
-2.2431234536020134E-8
-2.2455606560367204E-8
-2.2451978584712212E-8
-2.245435060906026E-8
-2.244472263341132E-8
-2.2445094657764416E-8
-2.2453466682115504E-8
-2.2445838706461514E-8
-2.2443210730808543E-8
-2.2431582755164652E-8
-2.2438954779513718E-8
-2.24343268038567E-8
-2.2423698828214835E-8
-2.2440070852563914E-8
-2.2424442876911933E-8
-2.243281490126302E-8
-2.2455186925606048E-8
-2.2450558949958126E-8
-2.2444930974308182E-8
-2.2450302998653202E-8
-2.245167502300832E-8
-2.2451047047359396E-8
-2.246441907170241E-8
-2.2458791096052464E-8
-2.2463163120404558E-8
-2.2476535144756665E-8
-2.2467907169100653E-8
-2.247527919344972E-8
-2.247265121780584E-8
-2.2461023242152858E-8
-2.2466395266497878E-8
-2.2479767290849984E-8
-2.248013931520308E-8
-2.2474511339553138E-8
-2.250088336389516E-8
-2.2495255388245215E-8
-2.2495627412598312E-8
-2.250599943694435E-8
-2.2506371461297448E-8
-2.2492743485649513E-8
-2.2505115509999595E-8
-2.250648753434562E-8
-2.25018595586977E-8
-2.2501231583048775E-8
-2.2496603607391758E-8
-2.2484975631747866E-8
-2.2487347656095914E-8
-2.2480719680443946E-8
-2.2488091704793012E-8
-2.2486463729142063E-8
-2.2483835753489092E-8
-2.247710777783965E-8
-2.2490579802189234E-8
-2.2491951826544352E-8
-2.247532385089035E-8
-2.247969587524244E-8
-2.2491067899590504E-8
-2.2489439923939555E-8
-2.249681194828862E-8
-2.2485183972635634E-8
-2.24715559969877E-8
-2.2480928021331714E-8
-2.2477300045685817E-8
-2.247167207003587E-8
-2.2477044094380893E-8
-2.2492416118737047E-8
-2.2478788143080013E-8
-2.2499160167437185E-8
-2.2498532191779165E-8
-2.249090421613427E-8
-2.2503276240484356E-8
-2.2514648264832416E-8
-2.2505020289183476E-8
-2.2507392313531523E-8
-2.251576433788261E-8
-2.251213636222762E-8
-2.2507508386579697E-8
-2.25248804109308E-8
-2.249725243528183E-8
-2.2505624459623824E-8
-2.2525996483980996E-8
-2.2515368508330034E-8
-2.251974053267303E-8
-2.2540112557021108E-8
-2.2529484581370143E-8
-2.252285660572727E-8
-2.2523228630071272E-8
-2.2527600654423366E-8
-2.2521972678773423E-8
-2.25173447031255E-8
-2.252871672747356E-8
-2.253408875181858E-8
-2.2532460776167635E-8
-2.251983280052172E-8
-2.2526204824868764E-8
-2.254157684921582E-8
-2.2537948873569924E-8
-2.252732089791896E-8
-2.2531692922271053E-8
-2.2527064946614035E-8
-2.2517436970965095E-8
-2.253580899531822E-8
-2.2523181019663212E-8
-2.250455304401426E-8
-2.2521925068365363E-8
-2.2508297092717425E-8
-2.2501669117065457E-8
-2.2502041141409458E-8
-2.25084131657656E-8
-2.2496785190112612E-8
-2.2508157214460675E-8
-2.2507529238811748E-8
-2.2507901263164845E-8
-2.2497373287511355E-8
-2.249164531186394E-8
-2.24831173362054E-8
-2.2494389360555988E-8
-2.2470761384906013E-8
-2.2479033409259628E-8
-2.2483505433609195E-8
-2.2474877457953184E-8
-2.2467249482308287E-8
-2.2476621506652304E-8
-2.246999353100943E-8
-2.2473365555350408E-8
-2.2475737579707548E-8
-2.246400960405709E-8
-2.2470481628401606E-8
-2.2477853652750672E-8
-2.245222567710575E-8
-2.2461597701449767E-8
-2.2464969725799836E-8
-2.2437341750150868E-8
-2.245671377449692E-8
-2.2456085798847994E-8
-2.2444457823195007E-8
-2.2454829847550142E-8
-2.246420187189416E-8
-2.2440573896244187E-8
-2.2445945920598303E-8
-2.2453317944947366E-8
-2.2437689969295385E-8
-2.2434061993649485E-8
-2.2428434017999542E-8
-2.2422806042340503E-8
-2.241617806669763E-8
-2.242155009104265E-8
-2.239792211539268E-8
-2.240929413974074E-8
-2.2408666164091814E-8
-2.23960381884459E-8
-2.2402410212792943E-8
-2.2408782237139988E-8
-2.239515426149205E-8
-2.2406526285840114E-8
-2.2399898310188145E-8
-2.2393270334536177E-8
-2.2393642358889274E-8
-2.240001438323632E-8
-2.238538640758636E-8
-2.2387758431934408E-8
-2.2391130456284477E-8
-2.2380502480633515E-8
-2.2376874504987615E-8
-2.2377246529331616E-8
-2.2377618553684713E-8
-2.237899057803074E-8
-2.238336260238283E-8
-2.2376734626730865E-8
-2.2391106651084993E-8
-2.2396478675430013E-8
-2.238285069978208E-8
-2.2391222724133167E-8
-2.2405594748478203E-8
-2.2372966772828215E-8
-2.2381338797179303E-8
-2.2378710821526332E-8
-2.237408284587841E-8
-2.238445487022445E-8
-2.2387826894574518E-8
-2.2382198918924575E-8
-2.2382570943277672E-8
-2.2394942967627757E-8
-2.2372314991979807E-8
-2.2376687016322805E-8
-2.2376059040673877E-8
-2.2371431065025955E-8
-2.2366803089368938E-8
-2.23741751137271E-8
-2.2354547138076122E-8
-2.2354919162420124E-8
-2.236729118677021E-8
-2.234466321112226E-8
-2.2344035235473334E-8
-2.2347407259823403E-8
-2.2335779284170416E-8
-2.234715130851848E-8
-2.2341523332868533E-8
-2.2334895357216568E-8
-2.232726738157167E-8
-2.235263940592077E-8
-2.2330011430263723E-8
-2.2355383454612818E-8
-2.2339755478960834E-8
-2.233412750331089E-8
-2.2340499527667028E-8
-2.234587155201205E-8
-2.234124357636413E-8
-2.2343615600712174E-8
-2.2347987625064268E-8
-2.2332359649412287E-8
-2.2339731673761354E-8
-2.2338103698110404E-8
-2.2336475722459455E-8
-2.233684774681255E-8
-2.2324219771157543E-8
-2.231159179551163E-8
-2.232296381985969E-8
-2.2310335844204682E-8
-2.2298707868560794E-8
-2.2318079892906846E-8
-2.230445191725891E-8
-2.227882394160489E-8
-2.2290195965952953E-8
-2.2288567990302004E-8
-2.2277940014651042E-8
-2.228431203900718E-8
-2.2282684063356233E-8
-2.2272056087705268E-8
-2.226742811204825E-8
-2.2248800136399297E-8
-2.222917216074832E-8
-2.2247544185101445E-8
-2.2242916209453523E-8
-2.2235288233799533E-8
-2.223566025815263E-8
-2.2230032282502687E-8
-2.2234404306845685E-8
-2.2238776331197776E-8
-2.2224148355547817E-8
-2.2208520379895836E-8
-2.2211892404245906E-8
-2.2207264428597984E-8
-2.2195636452945E-8
-2.2195008477296072E-8
-2.2201380501643117E-8
-2.219575252599317E-8
-2.2202124550340215E-8
-2.2200496574689266E-8
-2.217386859904232E-8
-2.218924062338938E-8
-2.216761264774345E-8
-2.2163984672088455E-8
-2.216235669643751E-8
-2.2164728720785553E-8
-2.215710074514066E-8
-2.2159472769488707E-8
-2.2150844793841788E-8
-2.2143216818187798E-8
-2.2144588842533824E-8
-2.2139960866885902E-8
-2.212233289123897E-8
-2.2122704915582972E-8
-2.2103076939931994E-8
-2.208744896428911E-8
-2.2097820988635148E-8
-2.2093193012987226E-8
-2.2084565037331212E-8
-2.208493706168431E-8
-2.2085309086028313E-8
-2.2072681110382397E-8
-2.2072053134733473E-8
-2.2065425159081505E-8
-2.2047797183434573E-8
-2.2060169207775562E-8
-2.2069541232128675E-8
-2.2043913256474654E-8
-2.2064285280831826E-8
-2.2043657305178826E-8
-2.2051029329527893E-8
-2.2050401353878968E-8
-2.2055773378223988E-8
-2.2033145402576038E-8
-2.2050517426927138E-8
-2.2045889451279217E-8
-2.2025261475626217E-8
-2.2033633499977305E-8
-2.2021005524322297E-8
-2.201937754867135E-8
-2.2034749573018408E-8
-2.2037121597375548E-8
-2.2021493621723567E-8
-2.203286564607163E-8
-2.2027237670421684E-8
-2.2006609694768685E-8
-2.201098171912078E-8
-2.2018353743469845E-8
-2.2011725767817877E-8
-2.2014097792165925E-8
-2.2017469816515994E-8
-2.201184184086605E-8
-2.2005213865214082E-8
-2.2017585889564168E-8
-2.1999957913917236E-8
-2.200132993826326E-8
-2.199970196261231E-8
-2.1998073986961363E-8
-2.199844601131446E-8
-2.2004818035661502E-8
-2.197619006001051E-8
-2.1994562084363637E-8
-2.197493410871266E-8
-2.196130613306472E-8