C
C     ATOMIC CLOCK TIME DIFFERENCES (BEFORE CENTERING)
C     (UPPER PLOT OF FIGURE 1 OF 2006 METROLOGIA PAPER SHOWS CENTERED SERIES
C     IN NANOSECONDS, I.E., AFTER MULTIPLICATION BY 1.0E9 = 1,000,000,000)
C
C     SOURCE: TIMING SOLUTIONS CORPORATION (SAM STEIN)
C     DELTA T: 1 SECOND
C     UNITS: SECONDS
C     SAMPLE SIZE: 4000
C
8.48276469290849E-9
8.48938972081644E-9
8.49530695937886E-9
8.49888796051473E-9
8.49963194176869E-9
8.50298450498001E-9
8.5117324180998E-9
8.52262276420048E-9
8.53299140991666E-9
8.54628600555432E-9
8.55239013457556E-9
8.55628447586548E-9
8.55618066190395E-9
8.55157527042178E-9
8.5443533230795E-9
8.53547873222772E-9
8.53072634858005E-9
8.5293463354701E-9
8.52569756716566E-9
8.5221531822979E-9
8.52832215247542E-9
8.53632964075294E-9
8.53701050676097E-9
8.53672637508233E-9
8.5308158647725E-9
8.52700020068423E-9
8.53036967791709E-9
8.53525891804561E-9
8.5414558767698E-9
8.54742913302846E-9
8.55247105880076E-9
8.55343496055585E-9
8.55754237372941E-9
8.56274479063404E-9
8.56995783282731E-9
8.57816755668066E-9
8.58235010510503E-9
8.58127811220844E-9
8.58040445810056E-9
8.58828825544619E-9
8.59571743362959E-9
8.59678160885052E-9
8.59175138089739E-9
8.58932203871065E-9
8.59061928320163E-9
8.59110992604449E-9
8.59101772481965E-9
8.5909585588837E-9
8.5896689959182E-9
8.58574743528007E-9
8.58184826838963E-9
8.58771452243532E-9
8.58997247474566E-9
8.58655156203273E-9
8.59097988853184E-9
8.59581918010025E-9
8.59204770315514E-9
8.58774146470838E-9
8.58764547929088E-9
8.58936691515384E-9
8.59277469396794E-9
8.5869847707844E-9
8.57910828280225E-9
8.57804000870622E-9
8.57596750493729E-9
8.56770226428187E-9
8.5613226038483E-9
8.55702425847365E-9
8.55547250137862E-9
8.56082245268478E-9
8.56728866388363E-9
8.57102344485548E-9
8.56746178669617E-9
8.56435394498604E-9
8.56244579694072E-9
8.55718687052918E-9
8.55294266126469E-9
8.55164658037111E-9
8.55041602581844E-9
8.54516851473947E-9
8.54107263913351E-9
8.53949230068832E-9
8.53562263409351E-9
8.53447468204202E-9
8.54611236158311E-9
8.55677143005726E-9
8.55810598442508E-9
8.55869227853999E-9
8.56264177915819E-9
8.56730940691278E-9
8.57209361268491E-9
8.57049335720648E-9
8.57149673323508E-9
8.57295292782397E-9
8.57490010522186E-9
8.57219993751211E-9
8.57815406016945E-9
8.59157320825036E-9
8.59706206474732E-9
8.5934441037165E-9
8.59190419705253E-9
8.59349068981297E-9
8.59244412880472E-9
8.59373830741571E-9
8.58766272388812E-9
8.58004880092421E-9
8.5784438805061E-9
8.57400938404856E-9
8.56778022530814E-9
8.56769722044999E-9
8.5682790369795E-9
8.5578068331177E-9
8.55778719220464E-9
8.56585300277814E-9
8.57456773290837E-9
8.57237861092257E-9
8.56459849707259E-9
8.55555445123209E-9
8.54906673703693E-9
8.55134676404698E-9
8.55789985833758E-9
8.56111611578504E-9
8.56145760152003E-9
8.56158965136316E-9
8.56212290166155E-9
8.56052379250027E-9
8.5602419156213E-9
8.5641920430578E-9
8.56573181911946E-9
8.56378013103085E-9
8.56026082021384E-9
8.55475051983719E-9
8.55146205677779E-9
8.55250261226283E-9
8.55786579951223E-9
8.5628367531186E-9
8.56636789490365E-9
8.56776928563716E-9
8.5713984799213E-9
8.57855625814983E-9
8.58543624564165E-9
8.58722872297345E-9
8.58726666676259E-9
8.5908418604501E-9
8.59267880841209E-9
8.59067801021925E-9
8.58838231493446E-9
8.58469987238116E-9
8.5806705079084E-9
8.57647825944356E-9
8.57074745581213E-9
8.57266262473172E-9
8.58099495640913E-9
8.59135937408035E-9
8.59832027897624E-9
8.59902351162926E-9
8.59306659066295E-9
8.59414994077591E-9
8.59492125615532E-9
8.59211928085739E-9
8.59263200804053E-9
8.60320469673292E-9
8.61275878276876E-9
8.6176758940292E-9
8.61954886421662E-9
8.62619060618525E-9
8.63169387004445E-9
8.63754963279615E-9
8.64335372141845E-9
8.64962715615888E-9
8.65724885632628E-9
8.66594713929729E-9
8.66321333403648E-9
8.66382264871739E-9
8.66823008066684E-9
8.665612576212E-9
8.66367216648725E-9
8.65556903712393E-9
8.63960941593707E-9
8.62768386054211E-9
8.62582378032915E-9
8.63224055964733E-9
8.64097023300942E-9
8.63626889203447E-9
8.63402582620402E-9
8.63353445449845E-9
8.63167201398536E-9
8.6323773180855E-9
8.63000212346846E-9
8.62648362027573E-9
8.62184754043534E-9
8.62396548634826E-9
8.63178964482482E-9
8.63773850264498E-9
8.64266963746423E-9
8.64664212517932E-9
8.65197383727347E-9
8.65636400498076E-9
8.65690042538633E-9
8.65068915297704E-9
8.64508308291315E-9
8.64194372803123E-9
8.63672390173034E-9
8.63286532396234E-9
8.6283251091234E-9
8.62468988748836E-9
8.61847182448685E-9
8.61425577693532E-9
8.61636920815578E-9
8.61606302760685E-9
8.61528328674176E-9
8.61834606720097E-9
8.62079976871827E-9
8.61487545248981E-9
8.61703950647294E-9
8.62372723354916E-9
8.62619989895754E-9
8.63053710397454E-9
8.62973145801513E-9
8.6237522349774E-9
8.62323245745261E-9
8.62582013146812E-9
8.62891806832134E-9
8.63346313545424E-9
8.63463245535231E-9
8.63050024065571E-9
8.62640561250183E-9
8.62150135774675E-9
8.63086649317133E-9
8.63929524572852E-9
8.64655829450715E-9
8.65661566798077E-9
8.6702174737519E-9
8.68301640931731E-9
8.68836592115946E-9
8.68493784278196E-9
8.68051907644425E-9
8.67998595711197E-9
8.67185430697031E-9
8.66732335143454E-9
8.6729589594468E-9
8.670621164382E-9
8.66290938209399E-9
8.65586019076823E-9
8.65599664216366E-9
8.66029317347595E-9
8.66521724849489E-9
8.67146159420962E-9
8.67218525830162E-9
8.66749156283648E-9
8.66079062928439E-9
8.64771717422439E-9
8.63639986468144E-9
8.63435157163292E-9
8.6388225170471E-9
8.64795320278257E-9
8.66134253497594E-9
8.66804780059554E-9
8.66314321405967E-9
8.65612496856784E-9
8.65585908628746E-9
8.65902196122553E-9
8.66192581432402E-9
8.65556153640443E-9
8.64795694695782E-9
8.64092333186672E-9
8.6393390968163E-9
8.64130434280649E-9
8.62548494774905E-9
8.60941995924268E-9
8.60465658108197E-9
8.6131527317039E-9
8.62249792608478E-9
8.62588061379525E-9
8.62901403445773E-9
8.62689805085352E-9
8.62460509276019E-9
8.62936018367721E-9
8.63197730105447E-9
8.62369864947054E-9
8.620208539728E-9
8.61890284264863E-9
8.61797734670198E-9
8.61285354765499E-9
8.60925852606393E-9
8.6127187602566E-9
8.61998676828483E-9
8.62002290474181E-9
8.61671856677227E-9
8.61278397773579E-9
8.61473155494408E-9
8.61345001747197E-9
8.61248955284938E-9
8.61615658760497E-9
8.62021058207155E-9
8.62166908675689E-9
8.61885235157965E-9
8.61323921807751E-9
8.61014685092142E-9
8.61083830390146E-9
8.61153764249581E-9
8.60699489710081E-9
8.60237495446654E-9
8.60132459762419E-9
8.59696257525909E-9
8.59648361622931E-9
8.60217890840309E-9
8.60649275852675E-9
8.60484921984409E-9
8.60964284244251E-9
8.62059520694805E-9
8.62105671110723E-9
8.61626061907026E-9
8.60526516962862E-9
8.59678060514089E-9
8.59146708933097E-9
8.58628714147953E-9
8.58374743234248E-9
8.58516941567603E-9
8.59161103999072E-9
8.59867790664668E-9
8.60229841060258E-9
8.60373927051649E-9
8.60319696318479E-9
8.60402290379636E-9
8.60108398670773E-9
8.59666755520453E-9
8.59166828381727E-9
8.58916580834207E-9
8.59012905672184E-9
8.59315980287332E-9
8.59625853498179E-9
8.59962761313185E-9
8.59940500568841E-9
8.59988766378289E-9
8.60259052320976E-9
8.60645710809951E-9
8.60899847031976E-9
8.61026367122625E-9
8.60541716888272E-9
8.60146074852518E-9
8.60435177422189E-9
8.6110670551101E-9
8.61056991798583E-9
8.60234205723773E-9
8.59530072169512E-9
8.59513439329464E-9
8.59738896449686E-9
8.60100965471566E-9
8.59977640953725E-9
8.59518343427787E-9
8.59054892093754E-9
8.59222223840068E-9
8.59420453835967E-9
8.5935657410272E-9
8.59339503690384E-9
8.59661118011977E-9
8.59954742695517E-9
8.60390079246115E-9
8.6136073739671E-9
8.61596703382207E-9
8.61721914684976E-9
8.61613527141723E-9
8.61468730732006E-9
8.6101914739816E-9
8.60412947527638E-9
8.60228445980272E-9
8.60508542302374E-9
8.60985857416576E-9
8.61360308992049E-9
8.62041874322671E-9
8.62277521187441E-9
8.62530218092042E-9
8.63031707801843E-9
8.63870136321958E-9
8.64185387146335E-9
8.64834481470043E-9
8.66099132609951E-9
8.66990332609863E-9
8.67842982447596E-9
8.67984057091825E-9
8.6743379851724E-9
8.67304389023419E-9
8.66294741392145E-9
8.654016578087E-9
8.65510493547046E-9
8.66338737124705E-9
8.67333128078592E-9
8.68488371449338E-9
8.69364855225296E-9
8.70295567842691E-9
8.70607971173047E-9
8.70873246934871E-9
8.7133665170318E-9
8.72182192701079E-9
8.72513096302532E-9
8.72199970184829E-9
8.71733345687743E-9
8.71178101961372E-9
8.70564761964669E-9
8.70423507751367E-9
8.70306593150948E-9
8.69736366757372E-9
8.68643317731702E-9
8.67933601092654E-9
8.67306088817862E-9
8.67374695699682E-9
8.6766188223533E-9
8.67816071824679E-9
8.68594611294091E-9
8.69284519165197E-9
8.68850029674222E-9
8.68004378082729E-9
8.67435189522726E-9
8.67227615241205E-9
8.66974368133471E-9
8.66352411586102E-9
8.6550485196407E-9
8.64702375529769E-9
8.63665439947696E-9
8.62589034530397E-9
8.62040218329112E-9
8.61324885572719E-9
8.61644084588417E-9
8.62005198285366E-9
8.61992876267214E-9
8.61852438263743E-9
8.61464935334467E-9
8.61068169900621E-9
8.61448304968223E-9
8.61858770183577E-9
8.61852412798113E-9
8.61487603819931E-9
8.61357173372611E-9
8.61396101008189E-9
8.61878091321077E-9
8.62050419424055E-9
8.62663940736045E-9
8.6200353108693E-9
8.60649923407274E-9
8.59721599757036E-9
8.59613418849183E-9
8.60307141180672E-9
8.61315703394024E-9
8.61866724191303E-9
8.61576327967613E-9
8.61031983822043E-9
8.60658205557835E-9
8.60745376302069E-9
8.60890027630452E-9
8.61101324259533E-9
8.6136575878245E-9
8.6096656218126E-9
8.59610082851614E-9
8.58367625226786E-9
8.5777988648305E-9
8.57005064850143E-9
8.56412880971501E-9
8.56958326396442E-9
8.57133492825813E-9
8.56723824757446E-9
8.56199398227197E-9
8.55828046619279E-9
8.55785563690677E-9
8.55523759985647E-9
8.55096729596062E-9
8.55375877141538E-9
8.56376623298122E-9
8.56895500503734E-9
8.56587029939803E-9
8.56203099183627E-9
8.56375720796184E-9
8.56475619844511E-9
8.56296916311851E-9
8.56401842275598E-9
8.56997586249356E-9
8.57961487422367E-9
8.59392491118724E-9
8.60720777667347E-9
8.61461198871672E-9
8.61667433952076E-9
8.61732511152019E-9
8.61604536610086E-9
8.60846787426764E-9
8.60737070432092E-9
8.60162410981594E-9
8.59668724231951E-9
8.59770617457407E-9
8.5950946378078E-9
8.58068905525454E-9
8.56618158398687E-9
8.56178207912433E-9
8.56166004782396E-9
8.56053289391654E-9
8.55877129511665E-9
8.55601598667762E-9
8.56055959935923E-9
8.56820059810886E-9
8.57024562064287E-9
8.56623056530777E-9
8.56099926419387E-9
8.56053384269316E-9
8.56499751657851E-9
8.56626393401453E-9
8.56538273880593E-9
8.56896737842331E-9
8.57819072849431E-9
8.57853676857537E-9
8.57223657018509E-9
8.57166416975428E-9
8.57371703715759E-9
8.57669343674366E-9
8.5739939038557E-9
8.57618617302961E-9
8.58300801230122E-9
8.57990005726904E-9
8.57331303875715E-9
8.56756409704865E-9
8.55650385576764E-9
8.5487375559307E-9
8.54267042189924E-9
8.53445220316637E-9
8.53475943508204E-9
8.54362127069983E-9
8.55524591474856E-9
8.55713578611101E-9
8.54878707421261E-9
8.54046781222426E-9
8.5414784383178E-9
8.54434609093144E-9
8.53937571212073E-9
8.54105318994027E-9
8.53850420258272E-9
8.53229905502131E-9
8.52660588449833E-9
8.51670322637018E-9
8.50909811233158E-9
8.50922505340548E-9
8.51400555320082E-9
8.51509595947613E-9
8.51753821237363E-9
8.51747285738004E-9
8.51560249123522E-9
8.51660428730336E-9
8.51474241794797E-9
8.51363028294171E-9
8.51347668153566E-9
8.51867219252516E-9
8.51750556980113E-9
8.51502347701642E-9
8.51803800519935E-9
8.53072102849156E-9
8.54079374900918E-9
8.53848001896501E-9
8.53902157105887E-9
8.5455725142313E-9
8.54888543120788E-9
8.55167733885077E-9
8.55689953782081E-9
8.55875687865954E-9
8.56068978984755E-9
8.56264654123106E-9
8.56312839461161E-9
8.56123173192936E-9
8.56388774332755E-9
8.57025468495207E-9
8.57469941240848E-9
8.5785529879991E-9
8.57191898612691E-9
8.56605035159047E-9
8.56860342654548E-9
8.57385810801835E-9
8.57393253314187E-9
8.56616754442109E-9
8.55704736216673E-9
8.55590452579658E-9
8.55869517616492E-9
8.55817102364486E-9
8.55546588395269E-9
8.5598021714794E-9
8.56410724832963E-9
8.56870501985858E-9
8.56644885232513E-9
8.55908458930751E-9
8.55461394948089E-9
8.55555908524921E-9
8.55715411554411E-9
8.55483149726738E-9
8.55346542045099E-9
8.55529826335337E-9
8.5629244047267E-9
8.5710635665017E-9
8.57651453996325E-9
8.57924200792006E-9
8.58372942304873E-9
8.58336305702916E-9
8.57659687107359E-9
8.57509978595834E-9
8.56847719123334E-9
8.56779469778964E-9
8.57070879534739E-9
8.57926408589394E-9
8.58976623115246E-9
8.59316767102549E-9
8.6009226830399E-9
8.61735822411546E-9
8.62892065926733E-9
8.63352447560932E-9
8.63959285090836E-9
8.64055343194525E-9
8.63558392624186E-9
8.63747255633674E-9
8.63600527619519E-9
8.63024467122801E-9
8.62310028428308E-9
8.6186094800428E-9
8.60834606851999E-9
8.59575564553544E-9
8.60039539315418E-9
8.60594777657628E-9
8.60556392076182E-9
8.60388316005873E-9
8.59731033245123E-9
8.59540525301436E-9
8.59675139533535E-9
8.59909521702346E-9
8.59327836648244E-9
8.58828220481243E-9
8.58997325654051E-9
8.59324387292241E-9
8.59661785357009E-9
8.59988290243761E-9
8.60193139557323E-9
8.61001765286509E-9
8.61320266107383E-9
8.60713924793475E-9
8.60564383336486E-9
8.60419143388248E-9
8.59830734825677E-9
8.5876481571838E-9
8.58599037375514E-9
8.58519666972117E-9
8.58598666013865E-9
8.59170637166912E-9
8.59882159391906E-9
8.60267654901925E-9
8.61554140709802E-9
8.62026685311102E-9
8.62053635514885E-9
8.61604504741668E-9
8.61692106509885E-9
8.61566871778735E-9
8.61526212043745E-9
8.62387547262106E-9
8.62690502698104E-9
8.62093285646772E-9
8.61330054513597E-9
8.60330793949126E-9
8.59343538028295E-9
8.58887226529406E-9
8.58577364814471E-9
8.58511159414347E-9
8.58806873880269E-9
8.5948540778226E-9
8.59184686918941E-9
8.58514244102525E-9
8.58090224186994E-9
8.58649782664245E-9
8.59531630957122E-9
8.59364271998963E-9
8.58652518691564E-9
8.5846243420493E-9
8.57713284837718E-9
8.57172188214842E-9
8.56983144181103E-9
8.57132710376133E-9
8.57057502657422E-9
8.57373025600248E-9
8.57612838205581E-9
8.57805415995698E-9
8.58190823030842E-9
8.59094477179146E-9
8.59977699742952E-9
8.60559527986655E-9
8.6118961345425E-9
8.61290936686141E-9
8.61270483564995E-9
8.60905367835107E-9
8.60184579031043E-9
8.59057202772288E-9
8.58236187650168E-9
8.57695236836215E-9
8.5743577815194E-9
8.57431972859185E-9
8.57833151414001E-9
8.57911952260387E-9
8.57907884453363E-9
8.57965649524982E-9
8.57427478102679E-9
8.5711106400831E-9
8.57371291609102E-9
8.57969645737206E-9
8.58833405283572E-9
8.59227739841107E-9
8.59310703954253E-9
8.59560036630814E-9
8.59808231939569E-9
8.59382189325403E-9
8.59108110167945E-9
8.58841829314073E-9
8.58591989653191E-9
8.58588798736957E-9
8.5861318578867E-9
8.58605793479991E-9
8.59110039735132E-9
8.59825978136973E-9
8.60093924297549E-9
8.60551822232445E-9
8.60531087097634E-9
8.60644770327845E-9
8.61064794031151E-9
8.61542100559799E-9
8.61113354223285E-9
8.59988994841372E-9
8.5906134100997E-9
8.5888316366999E-9
8.58973938892295E-9
8.58500915537146E-9
8.57715738560336E-9
8.57693380610043E-9
8.58287718444455E-9
8.58432062293542E-9
8.58149836462676E-9
8.57822310622425E-9
8.57778673300423E-9
8.57006747182439E-9
8.55671213697506E-9
8.54643951708033E-9
8.54319626679234E-9
8.54996155926809E-9
8.56012571012954E-9
8.56670083983003E-9
8.5701483302937E-9
8.57391853577628E-9
8.58383689237412E-9
8.588950973009E-9
8.5802142885951E-9
8.56939433518084E-9
8.5559339713411E-9
8.5426218640354E-9
8.53589022402629E-9
8.53672934128257E-9
8.53578989526364E-9
8.54087481993461E-9
8.54745519701011E-9
8.54803416029765E-9
8.54347245683227E-9
8.53988997815553E-9
8.5379033475842E-9
8.53827280003817E-9
8.53551293397891E-9
8.52760327137448E-9
8.52452049530236E-9
8.52368778083313E-9
8.52412392704525E-9
8.51856987598816E-9
8.50607867291995E-9
8.49785735756643E-9
8.49816868435546E-9
8.50211141584533E-9
8.50373257533209E-9
8.50395373923808E-9
8.50119103266966E-9
8.4990951589099E-9
8.49700201215535E-9
8.49933451837253E-9
8.49859492370981E-9
8.49605008361205E-9
8.49106921005129E-9
8.48854191359004E-9
8.49457606308196E-9
8.49673131105014E-9
8.50169392793673E-9
8.50982173931652E-9
8.52055295301268E-9
8.52459353073005E-9
8.52549563103835E-9
8.52457925542529E-9
8.52409563836794E-9
8.52642483841872E-9
8.53011252943842E-9
8.53824845198525E-9
8.54786167794571E-9
8.55394451772276E-9
8.55800127411884E-9
8.5557858632353E-9
8.55441686878527E-9
8.55450196473546E-9
8.56030706616225E-9
8.5618033654809E-9
8.5639109185063E-9
8.57074913581614E-9
8.57389829132778E-9
8.56674645677737E-9
8.56509885669047E-9
8.57158122455846E-9
8.58254010681017E-9
8.58953180765657E-9
8.5918166101999E-9
8.58876678228784E-9
8.58171727300549E-9
8.57856416522803E-9
8.58068097610143E-9
8.57911773273386E-9
8.57666294783589E-9
8.57445230411834E-9
8.56881050868551E-9
8.55609356953929E-9
8.55089622647959E-9
8.55963742485836E-9
8.57207595336169E-9
8.57889566370661E-9
8.58540356123276E-9
8.58580245777606E-9
8.58142366447444E-9
8.57775245772103E-9
8.57438503410935E-9
8.58174807914226E-9
8.58799258929221E-9
8.59232810266376E-9
8.59274769185066E-9
8.59238014859137E-9
8.58728617561817E-9
8.5864275298614E-9
8.58889371172031E-9
8.59416710533832E-9
8.59779654845805E-9
8.59709343221934E-9
8.59991942742735E-9
8.60579140596483E-9
8.6171720223371E-9
8.61772265620232E-9
8.61206329676048E-9
8.61236398037122E-9
8.62032856142635E-9
8.62917402337144E-9
8.63144092430426E-9
8.62595240868295E-9
8.61905486955113E-9
8.61748377985908E-9
8.61794423337911E-9
8.6189292876143E-9
8.62440124621039E-9
8.6324558009753E-9
8.6384905238077E-9
8.63915635836366E-9
8.64632376332802E-9
8.65267540374668E-9
8.65963552430115E-9
8.6637131887073E-9
8.66577417891909E-9
8.66386792078733E-9
8.66270367873595E-9
8.66747419163868E-9
8.67288979988804E-9
8.6750963312701E-9
8.66923024038634E-9
8.66565247357878E-9
8.66270969153506E-9
8.66149751007085E-9
8.66059224038295E-9
8.6585360144268E-9
8.65768934479217E-9
8.6613582290801E-9
8.67161166971726E-9
8.67658180114757E-9
8.67729830503192E-9
8.67623107684571E-9
8.67595218599378E-9
8.67565182834311E-9
8.67328268945296E-9
8.66601593651651E-9
8.66057121595858E-9
8.65312767916144E-9
8.65053638102295E-9
8.65188126897976E-9
8.65822793850738E-9
8.66758800990949E-9
8.6738856020744E-9
8.6773782292764E-9
8.68173582353218E-9
8.68514283965066E-9
8.68792705376284E-9
8.69279848623083E-9
8.6998319245177E-9
8.70363556710043E-9
8.70051404543561E-9
8.69261186827132E-9
8.68292382865458E-9
8.68240093922978E-9
8.68074481470503E-9
8.67976425697256E-9
8.68070617388521E-9
8.69110152647653E-9
8.70461920981213E-9
8.71263904691946E-9
8.71748739734016E-9
8.71637419714296E-9
8.71610634818833E-9
8.71582648527692E-9
8.70829812901357E-9
8.70852318697823E-9
8.71003507126262E-9
8.70959280165779E-9
8.70812683990831E-9
8.7112522963768E-9
8.70807798082243E-9
8.69747518666191E-9
8.69225287273273E-9
8.68676677852907E-9
8.68512411149855E-9
8.68505021169461E-9
8.68843117429053E-9
8.6990700656182E-9
8.70480577538521E-9
8.69910898292201E-9
8.69110637513254E-9
8.68923324269267E-9
8.69062386110077E-9
8.69947940743546E-9
8.70051875148409E-9
8.69459899942417E-9
8.68566737051723E-9
8.68309368004311E-9
8.68082838562777E-9
8.67858084148433E-9
8.67438542109334E-9
8.66927722811218E-9
8.66715222749208E-9
8.66516441240515E-9
8.65839578465943E-9
8.65419362096953E-9
8.65626260011334E-9
8.66020228736901E-9
8.66575205146913E-9
8.666501279416E-9
8.66205185173184E-9
8.6636026067543E-9
8.66397410810013E-9
8.66458303352068E-9
8.66511119651373E-9
8.67133157979795E-9
8.67853309997583E-9
8.68469618995742E-9
8.68638165670898E-9
8.68458088158344E-9
8.68635414509719E-9
8.6888049660879E-9
8.68996828264552E-9
8.68943579777122E-9
8.6910429176922E-9
8.69364118322714E-9
8.69479487523169E-9
8.69377888389363E-9
8.69424608653329E-9
8.69710240184832E-9
8.70427152392375E-9
8.71368376348849E-9
8.72890407013457E-9
8.73379053751069E-9
8.73037190324408E-9
8.72650867981752E-9
8.72164711637265E-9
8.71491758637292E-9
8.71180837552137E-9
8.71623616760604E-9
8.71734696966845E-9
8.71662805891824E-9
8.71223022605623E-9
8.70463183203368E-9
8.69559994130232E-9
8.68710645802327E-9
8.68142831804288E-9
8.68357755903266E-9
8.68875629326492E-9
8.69849441431778E-9
8.7105198291802E-9
8.71663426089061E-9
8.71932657463618E-9
8.71471933280312E-9
8.7033350901251E-9
8.6963151617189E-9
8.68723265695594E-9
8.67588564939495E-9
8.67080090225581E-9
8.67229636339142E-9
8.6782250386082E-9
8.68670885367881E-9
8.694309945603E-9
8.70063992131857E-9
8.7046056417243E-9
8.70597266004143E-9
8.7089543361061E-9
8.71116742743451E-9
8.71246970484353E-9
8.71733262160476E-9
8.71905393814306E-9
8.72079683498406E-9
8.71965791013472E-9
8.71778027828178E-9
8.71166856193515E-9
8.7115698658832E-9
8.71234379694664E-9
8.70705763558919E-9
8.70319408329221E-9
8.69664021084471E-9
8.68719709238426E-9
8.67598805324267E-9
8.66740000079896E-9
8.66931103773814E-9
8.67660016550496E-9
8.6878003018622E-9
8.69222430175072E-9
8.68780350325572E-9
8.6827328684413E-9
8.67396398091891E-9
8.66500414773504E-9
8.65882508279977E-9
8.65759442638457E-9
8.66067250804965E-9
8.66407623255351E-9
8.66450754757177E-9
8.66429984116001E-9
8.66461763767431E-9
8.66313237443224E-9
8.65934236396519E-9
8.64862414501638E-9
8.64313539656644E-9
8.64612183688675E-9
8.65127221841382E-9
8.65694319600379E-9
8.66151381680531E-9
8.66023775007817E-9
8.66299134431648E-9
8.66829099809245E-9
8.67687478977242E-9
8.68263363688352E-9
8.68518074706033E-9
8.68635061192288E-9
8.68900656074839E-9
8.68601972170907E-9
8.68587288833997E-9
8.6883607174398E-9
8.68833223958924E-9
8.69347783648817E-9
8.69378739669004E-9
8.69220732854433E-9
8.69324698400124E-9
8.69479004694819E-9
8.69411110414093E-9
8.68894580994075E-9
8.68133501488384E-9
8.67446597397509E-9
8.66978116528733E-9
8.65905471002609E-9
8.6530676181086E-9
8.6581496469736E-9
8.6744663377698E-9
8.69083649765856E-9
8.7029704746857E-9
8.71017299893701E-9
8.70946140773654E-9
8.70966121543738E-9
8.71056726510114E-9
8.71666803850263E-9
8.71803267323676E-9
8.71617236674349E-9
8.7179659591061E-9
8.70940631757473E-9
8.69632120362159E-9
8.6813223635587E-9
8.67486812720871E-9
8.6752009615415E-9
8.67576480261017E-9
8.67573933406952E-9
8.6816242898922E-9
8.68447235725338E-9
8.68290426814016E-9
8.67774331328338E-9
8.66597258964821E-9
8.6572361118697E-9
8.65473683342249E-9
8.65399934876913E-9
8.65582848242057E-9
8.66228836195423E-9
8.66760751512711E-9
8.67107198461789E-9
8.6698596227115E-9
8.66829137934932E-9
8.66750873176443E-9
8.67311444749226E-9
8.67764780989388E-9
8.68023960279319E-9
8.68280944577437E-9
8.68601801332908E-9
8.68424774457346E-9
8.67726446339202E-9
8.6720481797241E-9
8.66666831357824E-9
8.66778163310011E-9
8.66703016708813E-9
8.66235748004039E-9
8.66101069453033E-9
8.66564004926156E-9
8.67320364995723E-9
8.68499514772602E-9
8.69176833891269E-9
8.68943092292199E-9
8.68729660042603E-9
8.68548944288595E-9
8.68129714530881E-9
8.67703480415177E-9
8.67329368187417E-9
8.66841362310581E-9
8.65697917384628E-9
8.64773559824411E-9
8.64395608834782E-9
8.6409945286759E-9
8.64167933876437E-9
8.64275904074389E-9
8.64369465673203E-9
8.64737753984072E-9
8.65147915358078E-9
8.65420595506567E-9
8.65164922033579E-9
8.64666667331933E-9
8.64505633454268E-9
8.6528859855919E-9
8.6559369951092E-9
8.65229204851375E-9
8.65159719478068E-9
8.65490182742394E-9
8.65913019306464E-9
8.66008358260754E-9
8.65661743092998E-9
8.65357002443557E-9
8.65929567018548E-9
8.66555282292949E-9
8.66802600128842E-9
8.67008265506717E-9
8.67937539243241E-9
8.6914736098939E-9
8.7043708951787E-9
8.70975148600364E-9
8.71159311382089E-9
8.70594030559434E-9
8.69647863069289E-9
8.68900994840481E-9
8.68175101559963E-9
8.67613889417439E-9
8.68215166126794E-9
8.6962705197414E-9
8.69980531220645E-9
8.69653479186635E-9
8.69065574989062E-9
8.68575682618333E-9
8.68035543212121E-9
8.68077497474238E-9
8.68454036067252E-9
8.69043488575148E-9
8.69669025153583E-9
8.70691115437337E-9
8.71159737458464E-9
8.71595376395232E-9
8.71767308980591E-9
8.7163825353179E-9
8.71083347843472E-9
8.70059527934108E-9
8.69021654198214E-9
8.68729454862381E-9
8.69165851656307E-9
8.70526483484388E-9
8.72029071213024E-9
8.72993010220686E-9
8.73562252331272E-9
8.74016828965906E-9
8.74030696820576E-9
8.73693660513276E-9
8.73286539007938E-9
8.7315679525953E-9
8.72695440110664E-9
8.72017482750543E-9
8.72560242933907E-9
8.72979775077791E-9
8.72892896242439E-9
8.73434412538902E-9
8.74342068720145E-9
8.75560846219157E-9
8.76422768456676E-9
8.76650292076418E-9
8.76918118912325E-9
8.76477643252016E-9
8.76182500962428E-9
8.76611498171779E-9
8.77503689876092E-9
8.78330305399627E-9
8.78721651892863E-9
8.78688955769779E-9
8.791916618636E-9
8.79576415232394E-9
8.79472059116693E-9
8.79752331224403E-9
8.79428953226015E-9
8.79476406027026E-9
8.79740306790331E-9
8.797991664475E-9
8.79654263809725E-9
8.79462183108711E-9
8.78971744172797E-9
8.78801013274152E-9
8.78800508618118E-9
8.78350882210977E-9
8.78186306136897E-9
8.78382023038881E-9
8.78254918402879E-9
8.78294805437888E-9
8.7887324893553E-9
8.79508188879849E-9
8.79244892888883E-9
8.78507532216766E-9
8.77887889694842E-9
8.77791023093771E-9
8.78030518761145E-9
8.78336320527021E-9
8.78518951296427E-9
8.78164728162482E-9
8.77665504602741E-9
8.78408236049047E-9
8.79752776509138E-9
8.80536364139583E-9
8.8036125082424E-9
8.79828352097068E-9
8.79665759140758E-9
8.79808700779482E-9
8.79806205438749E-9
8.79499949074993E-9
8.79152603116406E-9
8.78917403137069E-9
8.79174746864368E-9
8.7928238644568E-9
8.78715345147623E-9
8.78808559249721E-9
8.79158465158983E-9
8.78753565711785E-9
8.78932874016786E-9
8.7876382239456E-9
8.78186168768011E-9
8.78130080353491E-9
8.78483650403157E-9
8.7816328520711E-9
8.77582086764824E-9
8.77461840095819E-9
8.77812899670891E-9
8.78063291717674E-9
8.77612920258949E-9
8.77082623391605E-9
8.76376351160952E-9
8.75502084350009E-9
8.74697049711248E-9
8.74377371359629E-9
8.7417376447779E-9
8.73158893627466E-9
8.72758610007657E-9
8.72641185803596E-9
8.72513050900951E-9
8.7250772785663E-9
8.73207415693913E-9
8.73945107564742E-9
8.7416271734185E-9
8.74280600218292E-9
8.74386647833915E-9
8.73874732786108E-9
8.73288289297087E-9
8.72891294381534E-9
8.7251943622585E-9
8.71935104492412E-9
8.72076483269026E-9
8.72293789204785E-9
8.72008713260576E-9
8.71877388023768E-9
8.71880308276732E-9
8.71550602578528E-9
8.71170394024394E-9
8.70977709133111E-9
8.70823591720634E-9
8.70746448614022E-9
8.70775427046119E-9
8.7034158118076E-9
8.69940217818226E-9
8.69387219578375E-9
8.68214151576083E-9
8.67510081904174E-9
8.67180579931013E-9
8.66550583520365E-9
8.6630179449863E-9
8.66334314836107E-9
8.66735023368147E-9
8.67751191655955E-9
8.68445280547002E-9
8.6876072141774E-9
8.69306584624536E-9
8.69341768521424E-9
8.68904990179597E-9
8.68021042936713E-9
8.67411812510668E-9
8.66966842093852E-9
8.67011591754587E-9
8.67454184409122E-9
8.68603393298596E-9
8.69462281197127E-9
8.69906844163858E-9
8.69719818172181E-9
8.69669576084304E-9
8.70019157197641E-9
8.70361143441399E-9
8.70534020437848E-9
8.70680772316936E-9
8.70680948684616E-9
8.703592243515E-9
8.7005515657677E-9
8.69996203788154E-9
8.69725170902151E-9
8.69014921958671E-9
8.68182105626919E-9
8.6850122518985E-9
8.68993991829891E-9
8.68730074768582E-9
8.68580783311323E-9
8.68522884072211E-9
8.68769381478255E-9
8.69544364927053E-9
8.70470250425087E-9
8.7126321697441E-9
8.71720346865897E-9
8.7134049046505E-9
8.71255851441021E-9
8.71956944399025E-9
8.72998952589136E-9
8.72960799545273E-9
8.71989096285211E-9
8.71432373951586E-9
8.71048016391446E-9
8.70312600420376E-9
8.69004444670778E-9
8.6773753567533E-9
8.6771326678414E-9
8.68197805260755E-9
8.68529006882842E-9
8.69016999372032E-9
8.69136588300186E-9
8.68428115839076E-9
8.67859250910854E-9
8.67613488079106E-9
8.67767412243828E-9
8.67421950450848E-9
8.67499388667737E-9
8.67826267244424E-9
8.68102593489099E-9
8.68032772260509E-9
8.67748551961478E-9
8.68097119688247E-9
8.68941726461308E-9
8.69620574972972E-9
8.69809094560245E-9
8.69989232899276E-9
8.69724296630683E-9
8.6951200000268E-9
8.69306462389511E-9
8.68715567799351E-9
8.68366502983478E-9
8.6893149538968E-9
8.69283918176322E-9
8.69347281903142E-9
8.69649055733894E-9
8.70491149704076E-9
8.71010105489348E-9
8.7077076581715E-9
8.70431290630057E-9
8.70111290974943E-9
8.69354028694473E-9
8.69049950442456E-9
8.68943444154451E-9
8.689604406437E-9
8.68914781205133E-9
8.68615311213574E-9
8.68226022343266E-9
8.67651308760113E-9
8.66733238736776E-9
8.66270222355708E-9
8.66076847709639E-9
8.66534081209862E-9
8.66407653523071E-9
8.65871230352667E-9
8.65864185540702E-9
8.66327024389948E-9
8.66712659015068E-9
8.6676208096413E-9
8.67309569314693E-9
8.6730342671363E-9
8.67349345174035E-9
8.68170944987027E-9
8.68671393225308E-9
8.68972045404184E-9
8.68939859175777E-9
8.69013825335872E-9
8.69422118842275E-9
8.70045513397408E-9
8.70194857823178E-9
8.69592974304232E-9
8.68620995142256E-9
8.68303791176795E-9
8.68529351469199E-9
8.6911739158048E-9
8.69281446118451E-9
8.68985404528319E-9
8.68182232518517E-9
8.67809438391782E-9
8.68232085782598E-9
8.68565481232355E-9
8.68690099258697E-9
8.69334671905091E-9
8.70108364901263E-9
8.70888765107901E-9
8.71574955870092E-9
8.71483635246745E-9
8.70479437842426E-9
8.70184910220395E-9
8.71333196526462E-9
8.72718380132506E-9
8.73131631142297E-9
8.72257639651196E-9
8.71193499936627E-9
8.70843151070916E-9
8.70984688753063E-9
8.71365666223714E-9
8.71314844974646E-9
8.71063231159681E-9
8.70325440336689E-9
8.69271925756186E-9
8.68111410708933E-9
8.67257534446444E-9
8.66732138621547E-9
8.66517739551106E-9
8.6667858687484E-9
8.66774383046332E-9
8.67527381070629E-9
8.67349581495085E-9
8.66627429770488E-9
8.66252020978351E-9
8.66263757869078E-9
8.66341606446409E-9
8.66320415549574E-9
8.66668823788738E-9
8.67212529256299E-9
8.68429833532219E-9
8.69140069670124E-9
8.68965423758236E-9
8.69302139926183E-9
8.69554510434163E-9
8.70063437126635E-9
8.70269062050537E-9
8.70907499080725E-9
8.71666421429255E-9
8.7228320597987E-9
8.73472875244829E-9
8.74737641052832E-9
8.75213999095889E-9
8.75219822721743E-9
8.75076598778317E-9
8.74775341245029E-9
8.74570582443592E-9
8.74415420212685E-9
8.7435067988665E-9
8.73821050655373E-9
8.73495868817253E-9
8.73515976478934E-9
8.73293773575228E-9
8.72900562124747E-9
8.72250226970012E-9
8.71465414078956E-9
8.71083643244783E-9
8.71174389945582E-9
8.70440440794817E-9
8.69628296152078E-9
8.69158212258254E-9
8.69123962586203E-9
8.69596869527042E-9
8.70402217902369E-9
8.71361490442417E-9
8.71636923789336E-9
8.70638596576594E-9
8.69928686980829E-9
8.69869692865132E-9
8.7019245095732E-9
8.70308988084339E-9
8.70059434220588E-9
8.70199864220576E-9
8.70855948496006E-9
8.71755786292195E-9
8.71998732479715E-9
8.714149281031E-9
8.69995422066063E-9
8.68964503503116E-9
8.68039956769646E-9
8.67249525141921E-9
8.66410790888724E-9
8.66218143832092E-9
8.66386840390672E-9
8.67156119538284E-9
8.67845339400819E-9
8.67875098390864E-9
8.67367629787624E-9
8.66928740854358E-9
8.66542671421791E-9
8.66462891531058E-9
8.67149809882686E-9
8.6839328933412E-9
8.6946648549993E-9
8.70460447176049E-9
8.70769568495972E-9
8.71182226956926E-9
8.71082820777683E-9
8.70499908134683E-9
8.70054195576642E-9
8.69466687478757E-9
8.68850550191705E-9
8.68215031668266E-9
8.67718050248135E-9
8.67532185489199E-9
8.67320949977631E-9
8.67519396213111E-9
8.68040076676385E-9
8.68937456966492E-9
8.69576917278465E-9
8.69470282352648E-9
8.6887727775312E-9
8.68419597221948E-9
8.68164717985589E-9
8.68052840923396E-9
8.67334046005425E-9
8.66600985095845E-9
8.67200278396395E-9
8.67796808603298E-9
8.67907391138365E-9
8.67331274180706E-9
8.66837011034712E-9
8.66823682760369E-9
8.66954815913566E-9
8.67665282551805E-9
8.68691354204958E-9
8.68905638025232E-9
8.69071953911174E-9
8.69461082711806E-9
8.69715036454401E-9
8.69366333687032E-9
8.68283562444231E-9
8.67210269072472E-9
8.66033227267711E-9
8.65173441232779E-9
8.65161086182067E-9
8.6534842241788E-9
8.65209842823348E-9
8.64929869318344E-9
8.64470312188495E-9
8.64264833946623E-9
8.64977588708124E-9
8.65615402921755E-9
8.65591877335934E-9
8.6547361436677E-9
8.65649911615645E-9
8.66490649359116E-9
8.67438353227116E-9
8.67269552477729E-9
8.66191380182241E-9
8.65322079023688E-9
8.64568906959997E-9
8.636227968039E-9
8.63171455031902E-9
8.63047995327944E-9
8.63054004634622E-9
8.63855772105775E-9
8.64873752964388E-9
8.65246437079601E-9
8.64712576188158E-9
8.63502512882316E-9
8.62898453579918E-9
8.62626801369786E-9
8.62373564739341E-9
8.62062728054561E-9
8.622633110747E-9
8.62697466602124E-9
8.6312669838631E-9
8.63475888347565E-9
8.63263278565068E-9
8.62107101115002E-9
8.61072228540019E-9
8.60230271938723E-9
8.59326868372221E-9
8.5829335668052E-9
8.57571689821524E-9
8.57204463209161E-9
8.5731342409289E-9
8.57987555496716E-9
8.58755940000356E-9
8.5907256655084E-9
8.59418580729721E-9
8.59934372956121E-9
8.60566940376803E-9
8.60957605264255E-9
8.60333239231706E-9
8.59753498878651E-9
8.59076682378767E-9
8.58980457802615E-9
8.58850610445471E-9
8.59150042602379E-9
8.59318576762996E-9
8.59021848328436E-9
8.58549797614846E-9
8.58593702689762E-9
8.5869228814812E-9
8.58583192805862E-9
8.58589134010169E-9
8.58565410520021E-9
8.58595710254537E-9
8.58864275157169E-9
8.58990374555605E-9
8.59365654127858E-9
8.59794784049522E-9
8.60234405228797E-9
8.60566304754671E-9
8.61226444904659E-9
8.61970711855713E-9
8.62694282670747E-9
8.63960575252425E-9
8.64948692348115E-9
8.65662628132789E-9
8.65922496886471E-9
8.6577194990088E-9
8.65537858767844E-9
8.65337870042757E-9
8.64808760601374E-9
8.64034009399124E-9
8.63266906617037E-9
8.62719685437316E-9
8.62842026399756E-9
8.63463047849181E-9
8.63978852299083E-9
8.64337408955715E-9
8.64912932782464E-9
8.65051017616179E-9
8.64547206168485E-9
8.64040051301809E-9
8.63126574987141E-9
8.6255902495855E-9
8.63160254229073E-9
8.64117431893615E-9
8.65177655430798E-9
8.65281551709974E-9
8.64567877857497E-9
8.63652793279137E-9
8.62700031791443E-9
8.6169054801331E-9
8.61234612532643E-9
8.61657997408113E-9
8.62060885798106E-9
8.62711049823806E-9
8.62926497205107E-9
8.63106804926958E-9
8.63191528351362E-9
8.63385616035079E-9
8.63691812445466E-9
8.64419784303488E-9
8.64850240184142E-9
8.65449028246586E-9
8.65190077419738E-9
8.64824695974187E-9
8.64450647483262E-9
8.63978199214804E-9
8.6440763006746E-9
8.65626859836066E-9
8.66363601184054E-9
8.66751955829525E-9
8.66971823462174E-9
8.66943839790355E-9
8.66811357977377E-9
8.66816686842414E-9
8.66952575520172E-9
8.672053214643E-9
8.67433416678304E-9
8.67080043368821E-9
8.67062989254489E-9
8.66501300686402E-9
8.66080665516933E-9
8.66163153786586E-9
8.66420126734308E-9
8.66745441284742E-9
8.66686065330109E-9
8.66340099463167E-9
8.65218077389561E-9
8.64416440884506E-9
8.64083999450019E-9
8.64604498889041E-9
8.6503970447354E-9
8.65566858736589E-9
8.66130939618744E-9
8.66727872037088E-9
8.67683056106572E-9
8.68425601872053E-9
8.69117870043293E-9
8.69279329706297E-9
8.69574584335694E-9
8.69005484832638E-9
8.6887612816181E-9
8.69203557378183E-9
8.69531541308743E-9
8.69630487651462E-9
8.69964702075889E-9
8.70047265432772E-9
8.6936609620184E-9
8.68942315517716E-9
8.68527946348478E-9
8.67947504599206E-9
8.66916730972075E-9
8.66429968982141E-9
8.6673109554933E-9
8.67260539681855E-9
8.67729442552504E-9
8.68298764406892E-9
8.68592477710826E-9
8.68298853463839E-9
8.67924579129153E-9
8.68103505013146E-9
8.68575962012677E-9
8.6845276947956E-9
8.68581721028589E-9
8.68960603623733E-9
8.69532890550595E-9
8.70395249923848E-9
8.71273439314964E-9
8.71460728402982E-9
8.70979344172094E-9
8.71753568599591E-9
8.72482205183323E-9
8.72532518283928E-9
8.72367042909304E-9
8.72194548333863E-9
8.72100641566621E-9
8.72720982574404E-9
8.73346532540485E-9
8.73913969647195E-9
8.73943966704505E-9
8.73952562737149E-9
8.73780214843739E-9
8.73125692848348E-9
8.73326525577182E-9
8.73922487682252E-9
8.73878373643651E-9
8.73840907444217E-9
8.73076092785391E-9
8.72261452801918E-9
8.71619155473212E-9
8.71140615243916E-9
8.7116173454595E-9
8.71291650005466E-9
8.7127519949933E-9
8.71084965129272E-9
8.71135383002756E-9
8.71486313357945E-9
8.71660265440546E-9
8.71696834085651E-9
8.71487413473174E-9
8.71013195125133E-9
8.7073125014379E-9
8.70560681061035E-9
8.69982593209109E-9
8.70148175102827E-9
8.70106111120223E-9
8.69988959325648E-9
8.7000145349146E-9
8.70067776470037E-9
8.69924925052403E-9
8.70396026407296E-9
8.70992248698349E-9
8.71457364029425E-9
8.71657246235419E-9
8.72002749355479E-9
8.72765806740296E-9
8.73812252643901E-9
8.7460206611164E-9
8.74249283022708E-9
8.73344241506865E-9
8.73067433889019E-9
8.73334584939858E-9
8.73432362482904E-9
8.73362796783724E-9
8.73444536509365E-9
8.73965434085326E-9
8.74962339297271E-9
8.75715907751687E-9
8.76141858398548E-9
8.76330244109365E-9
8.76456955847071E-9
8.7696301525509E-9
8.77879389121932E-9
8.78836219289758E-9
8.79341196626766E-9
8.79461002667608E-9
8.80261327765461E-9
8.81100057944158E-9
8.81608442728017E-9
8.81430445248146E-9
8.81475739145779E-9
8.82096536497657E-9
8.82498683328496E-9
8.82117179665164E-9
8.81465396316414E-9
8.81456866057855E-9
8.82075327556604E-9
8.82755421119313E-9
8.83344368098068E-9
8.83197989326843E-9
8.82753174323131E-9
8.82546600040532E-9
8.8287040993601E-9
8.83662726893484E-9
8.84575395292841E-9
8.85380721549448E-9
8.85502098019331E-9
8.85662060594309E-9
8.86095376774558E-9
8.85800605846619E-9
8.85176710709953E-9
8.84481251040407E-9
8.84285996885304E-9
8.83897791832221E-9
8.84171212957792E-9
8.85168182197609E-9
8.85615763205324E-9
8.8485510744772E-9
8.84422049125167E-9
8.84270182001301E-9
8.84787582491393E-9
8.84715487109258E-9
8.83880108498544E-9
8.82910365655462E-9
8.81881478522223E-9
8.80717829601746E-9
8.80137202753721E-9
8.80559772729022E-9
8.80341929541222E-9
8.79890434102336E-9
8.80685668984487E-9
8.8137396393533E-9
8.81460118673674E-9
8.81340086789071E-9
8.8094833284575E-9
8.80673967018054E-9
8.81346452323537E-9
8.82117427045573E-9
8.82884802819217E-9
8.82781676620701E-9
8.81873811475771E-9
8.81337672938355E-9
8.81319183435581E-9
8.82272232466621E-9
8.83703099376165E-9
8.84189421902079E-9
8.84104339339529E-9
8.84028848734046E-9
8.83671849700881E-9
8.83413430887429E-9
8.84058086770054E-9
8.84720386405491E-9
8.84960536903358E-9
8.84924535195943E-9
8.84550444213795E-9
8.84103023275756E-9
8.8411149125266E-9
8.84449820340871E-9
8.84807082470376E-9
8.84894472364549E-9
8.84826446826689E-9
8.8424459006148E-9
8.82601079609289E-9
8.81877436617382E-9
8.82119940430524E-9
8.81926615842609E-9
8.81812845301665E-9
8.82264702206984E-9
8.824508149284E-9
8.83135385785468E-9
8.83826380384157E-9
8.84276009119585E-9
8.83884665536706E-9
8.83339972875797E-9
8.83219423529586E-9
8.83363042699594E-9
8.83236284396164E-9
8.83828618449266E-9
8.84614071619026E-9
8.84975329087648E-9
8.84676066895632E-9
8.84215563317443E-9
8.83788023615253E-9
8.83275464796311E-9
8.82539446963259E-9
8.82059491135954E-9
8.82250593374693E-9
8.82110458484981E-9
8.81736072392557E-9
8.81999260700286E-9
8.82398253285398E-9
8.8236969918346E-9
8.82000367800374E-9
8.80977063315367E-9
8.80164356391511E-9
8.79796941770037E-9
8.79938209370984E-9
8.79678518149126E-9
8.78647210180312E-9
8.77709215847831E-9
8.76959055422338E-9
8.75556173930829E-9
8.75117090585666E-9
8.75155425235851E-9
8.75573998125821E-9
8.75892230029639E-9
8.74808770778266E-9
8.73702082215491E-9
8.7386523046806E-9
8.7470236926314E-9
8.7487858967857E-9
8.74869211923834E-9
8.75216987451224E-9
8.75633459062899E-9
8.76081799091916E-9
8.77039142646849E-9
8.77381412359451E-9
8.76948154968428E-9
8.77002150253656E-9
8.77034624607481E-9
8.77087481360758E-9
8.77410914073872E-9
8.7789037921486E-9
8.77449356989366E-9
8.76545599523361E-9
8.76163948595927E-9
8.75709244778659E-9
8.74752162573851E-9
8.73777582716192E-9
8.7299799624558E-9
8.73093256911245E-9
8.73364848003865E-9
8.73727742257684E-9
8.74526552223294E-9
8.75503946978968E-9
8.76300410614161E-9
8.76657699518958E-9
8.76605843928746E-9
8.76347803461802E-9
8.76069739151479E-9
8.76350592748668E-9
8.77249668613198E-9
8.77895628336095E-9
8.78248448095533E-9
8.77978664917147E-9
8.77771631962167E-9
8.78106376653776E-9
8.78560918655153E-9
8.7934853771315E-9
8.78910888592285E-9
8.78110469780913E-9
8.77867353628501E-9
8.78257614558297E-9
8.79731799814634E-9
8.81134197604686E-9
8.8196877994152E-9
8.81495439357376E-9
8.80264289345506E-9
8.78868206449696E-9
8.77904563134381E-9
8.77141248473938E-9
8.77358994455789E-9
8.77633223496671E-9
8.77645243274171E-9
8.77958544449892E-9
8.77523348178538E-9
8.76916932068436E-9
8.76346827909885E-9
8.75720238364016E-9
8.75975954619263E-9
8.76669331054734E-9
8.76620959744818E-9
8.7662387534121E-9
8.77011186914464E-9
8.77597004676568E-9
8.78145509324056E-9
8.78419156293389E-9
8.78707990673594E-9
8.78169990671362E-9
8.77932371602664E-9
8.77695435303894E-9
8.77733327579702E-9
8.77931688832736E-9
8.78379754123981E-9
8.78321468389361E-9
8.78095379575989E-9
8.77950398940627E-9
8.7846479128495E-9
8.78881436936018E-9
8.79180232888723E-9
8.78812849699113E-9
8.79285524393404E-9
8.80625124230183E-9
8.81839716052681E-9
8.81137059068424E-9
8.80918075020387E-9
8.81753160267039E-9
8.81560805410325E-9
8.80607972909902E-9
8.79575092765833E-9
8.79015036326371E-9
8.78649099002491E-9
8.77632938863684E-9
8.76995272496226E-9
8.76463717772263E-9
8.76750060304164E-9
8.76570485992465E-9
8.76265216239985E-9
8.75905087990169E-9
8.75746245320853E-9
8.75090928797797E-9
8.74062968904536E-9
8.73885733938395E-9
8.7415441991191E-9
8.74862209603093E-9
8.74989197242713E-9
8.74706590446018E-9
8.74668112024159E-9
8.7411314230797E-9
8.73788782354878E-9
8.72808978987131E-9
8.71158261907085E-9
8.70286425244861E-9
8.70057697319084E-9
8.70104844532531E-9
8.6985076040591E-9
8.6951073807156E-9
8.69485820170593E-9
8.6945097620349E-9
8.69429497181238E-9
8.69329433843216E-9
8.6929863410924E-9
8.69321522326713E-9
8.69699926459044E-9
8.70925334917149E-9
8.72321657044366E-9
8.73157479775672E-9
8.73103891940529E-9
8.73529594624909E-9
8.74361799199463E-9
8.75201922857449E-9
8.7528950774559E-9
8.74761074671348E-9
8.74903337032574E-9
8.75347964027175E-9
8.75265429191798E-9
8.75380399382205E-9
8.75074580736254E-9
8.73850669948247E-9
8.72494417626505E-9
8.70912652160154E-9
8.70397666684923E-9
8.70721992877865E-9
8.70742099957474E-9
8.70307995652347E-9
8.69510242728672E-9
8.69344344188031E-9
8.69240819852575E-9
8.69527192070125E-9
8.6925410388948E-9
8.68495586662749E-9
8.67962457435244E-9
8.67578244228849E-9
8.67385923714356E-9
8.67685335498761E-9
8.67842695049768E-9
8.6771990414602E-9
8.66879314248723E-9
8.6622478002983E-9
8.6543506784254E-9
8.64703494707841E-9
8.64857754727847E-9
8.6522899996219E-9
8.65679880151448E-9
8.66105982718983E-9
8.6581811806998E-9
8.65477582348524E-9
8.65059319702691E-9
8.64756069738488E-9
8.64453269715593E-9
8.64397365235682E-9
8.64093015738323E-9
8.64620934261316E-9
8.65512273812881E-9
8.65311118034337E-9
8.65242668166317E-9
8.65290225740207E-9
8.65179149608466E-9
8.64324700005501E-9
8.63618711243693E-9
8.63736849649545E-9
8.64224196621387E-9
8.64895912428282E-9
8.65740464486618E-9
8.65907022514324E-9
8.65791758959856E-9
8.65446167946991E-9
8.65411342024107E-9
8.6560795240592E-9
8.65839683820893E-9
8.66089695774953E-9
8.66512356553416E-9
8.6647067149939E-9
8.66216640923351E-9
8.6637328336221E-9
8.6614042272843E-9
8.65698051843156E-9
8.64943811678171E-9
8.64250196593365E-9
8.64531709677619E-9
8.65176569285287E-9
8.6585859532554E-9
8.66531745938805E-9
8.66741785293339E-9
8.66821693239812E-9
8.67014756477602E-9
8.66764540216428E-9
8.66505197655427E-9
8.65864802536545E-9
8.65790598891257E-9
8.66162758560004E-9
8.66820955755159E-9
8.67078113801634E-9
8.67218763242596E-9
8.67698230711871E-9
8.68138321040814E-9
8.6823512536023E-9
8.68466291001657E-9
8.68498388755189E-9
8.6854334388718E-9
8.68384165362579E-9
8.68196517718487E-9
8.68704041618525E-9
8.69056657652922E-9
8.69898165477053E-9
8.70589227013971E-9
8.71474104989264E-9
8.72018327336361E-9
8.72083753924752E-9
8.72646448894548E-9
8.73322059924253E-9
8.73536737224894E-9
8.73523656913031E-9
8.74006566171379E-9
8.74167194636209E-9
8.73428459111092E-9
8.72488007854601E-9
8.71938045699952E-9
8.71534994911997E-9
8.70810776833398E-9
8.70372107923179E-9
8.70133425991832E-9
8.69885997271308E-9
8.69516036086805E-9
8.69576165242023E-9
8.69388843557999E-9
8.69134423576093E-9
8.68796531623615E-9
8.6852700397464E-9
8.68711658606824E-9
8.68407314930179E-9
8.6739325723381E-9
8.66441336257433E-9
8.66329342198859E-9
8.66446658137611E-9
8.66826335260421E-9
8.67514277475904E-9
8.67732504830927E-9
8.67951880613116E-9
8.68252748158466E-9
8.6824200311766E-9
8.68619280359471E-9
8.68520895715798E-9
8.68129073670106E-9
8.68109679628144E-9
8.6875972607539E-9
8.69841474036407E-9
8.71253505692677E-9
8.72124792879357E-9
8.72163621126217E-9
8.71430838446838E-9
8.70582515146932E-9
8.70626651304253E-9
8.71561895930734E-9
8.72787986576695E-9
8.73435744900679E-9
8.72992633620393E-9
8.72038053159106E-9
8.71469189977099E-9
8.70914765079879E-9
8.70980423332747E-9
8.71321151137814E-9
8.71412870480173E-9
8.71517760937556E-9
8.71151567502193E-9
8.70461008875094E-9
8.69565586091609E-9
8.68837627621232E-9
8.67478811856386E-9
8.66837771220156E-9
8.66393175657418E-9
8.66204676442649E-9
8.66182259121059E-9
8.65391578366711E-9
8.64981312219827E-9
8.64630220630818E-9
8.64419252872163E-9
8.63551429011202E-9
8.62883082816508E-9
8.6204639163445E-9
8.61190051463091E-9
8.60591202283134E-9
8.59901604074092E-9
8.59508382728395E-9
8.58871936964977E-9
8.58196423141221E-9
8.57616707235171E-9
8.57416004308293E-9
8.57385315167911E-9
8.57891372829715E-9
8.58301808941492E-9
8.5845048398498E-9
8.58342464893018E-9
8.58721174612912E-9
8.5861526669446E-9
8.58588283603635E-9
8.58803174524535E-9
8.58549071771624E-9
8.57770350259335E-9
8.57417210942615E-9
8.57685454541753E-9
8.58222680388824E-9
8.58827859596882E-9
8.59799079155487E-9
8.60802667130893E-9
8.61959966814906E-9
8.6315345446923E-9
8.64020437236802E-9
8.64465829655491E-9
8.65389429940622E-9
8.6576127470866E-9
8.65797136718903E-9
8.65384919468184E-9
8.65327593569549E-9
8.65008720804955E-9
8.64643879521802E-9
8.64444950749006E-9
8.64227931192449E-9
8.64578235238651E-9
8.64984376244463E-9
8.65562330219933E-9
8.66476608629196E-9
8.67246573457093E-9
8.67438705380403E-9
8.67155133509079E-9
8.66971815895244E-9
8.67310113551592E-9
8.67996293836495E-9
8.67967524950155E-9
8.67742201560871E-9
8.67780216071705E-9
8.67999822354228E-9
8.6831855134715E-9
8.68524888726628E-9
8.69055230413482E-9
8.70022516332554E-9
8.71050305096779E-9
8.71581476235591E-9
8.71451925152865E-9
8.70933802311981E-9
8.70968032193599E-9
8.71704799152735E-9
8.7195271681336E-9
8.71648338212423E-9
8.71338474169202E-9
8.71010468701995E-9
8.71140488934389E-9
8.71422998525136E-9
8.72125135137428E-9
8.7262804786665E-9
8.72468023010016E-9
8.71353999763645E-9
8.7024403937669E-9
8.69513413272402E-9
8.69606962065641E-9
8.70207771080506E-9
8.70801279753995E-9
8.70516396475469E-9
8.69873407645762E-9
8.696010604422E-9
8.69595836932114E-9
8.69323057831462E-9
8.68652689520204E-9
8.68223033405858E-9
8.67955526127232E-9
8.67913923145294E-9
8.68196832037124E-9
8.68184509000347E-9
8.68012632002821E-9
8.68043646521198E-9
8.6791392896601E-9
8.67696769712281E-9
8.68311773706026E-9
8.69206297771039E-9
8.70205870616896E-9
8.70903354731293E-9
8.70959598558917E-9
8.70834543396841E-9
8.70777505041551E-9
8.70863791910137E-9
8.70478285340758E-9
8.69919785942692E-9
8.69460252677776E-9
8.69213323956714E-9
8.6905570654801E-9
8.68290887814683E-9
8.67745858716418E-9
8.67684164952875E-9
8.67642238921228E-9
8.67527276879821E-9
8.67121186514234E-9
8.66789937744352E-9
8.66856453970684E-9
8.67004436349028E-9
8.66765601332863E-9
8.66996074309146E-9
8.66931184972795E-9
8.66590047971428E-9
8.66203296351005E-9
8.65978004393584E-9
8.65694268960154E-9
8.6550921968346E-9
8.66308903920537E-9
8.6705518425708E-9
8.67307003543302E-9
8.67666731909963E-9
8.6844033643126E-9
8.68537477188032E-9
8.68744531679659E-9
8.6842461293249E-9
8.68209475795325E-9
8.6799407206939E-9
8.67797329557335E-9
8.67373694391099E-9
8.66469344958329E-9
8.65973348985331E-9
8.65747579147169E-9
8.65705314931951E-9
8.66019350681968E-9
8.66029862312083E-9
8.6599384256045E-9
8.66017010172267E-9
8.66740235236802E-9
8.67194384339883E-9
8.67552467772346E-9
8.67340279409651E-9
8.66775962206446E-9
8.66460451487122E-9
8.65999295988798E-9
8.65968141191177E-9
8.66347927743437E-9
8.66352550555684E-9
8.65428566685403E-9
8.64501835437407E-9
8.64222366588436E-9
8.6398594658713E-9
8.63657541818839E-9
8.63488515225691E-9
8.63770185469263E-9
8.64464204511725E-9
8.64801972482962E-9
8.64126939450306E-9
8.62989007032963E-9
8.62468742168776E-9
8.62846158525687E-9
8.63495445369561E-9
8.63788546334224E-9
8.6395352636596E-9
8.64393147545234E-9
8.64517514116667E-9
8.64697877135316E-9
8.65726162406573E-9
8.6653972613975E-9
8.67331086171596E-9
8.67828096113233E-9
8.67140241208482E-9
8.65994538135951E-9
8.65063983842018E-9
8.64732547645097E-9
8.64835419478346E-9
8.65595657308577E-9
8.65579503658932E-9
8.65772151879707E-9
8.65793026129619E-9
8.65873080758124E-9
8.66129687000769E-9
8.66263940639544E-9
8.66646368632497E-9
8.66987975947676E-9
8.67499663405508E-9
8.6804690379359E-9
8.67978492924364E-9
8.67428364297253E-9
8.67075278531116E-9
8.67735845921621E-9
8.68561613366908E-9
8.6890196340754E-9
8.69551933603413E-9
8.69683825195839E-9
8.69200899057416E-9
8.69127182023944E-9
8.69210954925507E-9
8.69762556193639E-9
8.69920564172353E-9
8.69519728748716E-9
8.69313462381966E-9
8.69321529893644E-9
8.69148759416288E-9
8.68785483905604E-9
8.68925250926096E-9
8.68817749295742E-9
8.68658665648804E-9
8.68793198681922E-9
8.69351638126619E-9
8.69459270141001E-9
8.68949303286669E-9
8.68275064199607E-9
8.67682390798791E-9
8.67456073231301E-9
8.67653442052343E-9
8.68270465834365E-9
8.69105314759969E-9
8.69113631398269E-9
8.68320129343121E-9
8.6795170948408E-9
8.68392228217685E-9
8.68474628594534E-9
8.67892253203574E-9
8.67353628638569E-9
8.66861569797533E-9
8.66280151332201E-9
8.66020034033968E-9
8.65316181474747E-9
8.64619463948581E-9
8.63878315736891E-9
8.63725986448215E-9
8.63368627112761E-9
8.63314877461726E-9
8.63332038095152E-9
8.63447389542425E-9
8.62923109548688E-9
8.63375687640657E-9
8.64077139736807E-9
8.64220016183518E-9
8.63779847856987E-9
8.63389303458346E-9
8.63242922940907E-9
8.62752382142472E-9
8.62257419928546E-9
8.61952869616502E-9
8.61345965730442E-9
8.60762930270345E-9
8.60408375355616E-9
8.60403126234382E-9
8.60869759025988E-9
8.61664162127895E-9
8.6214515462463E-9
8.62370755079971E-9
8.62516843397492E-9
8.62679941009837E-9
8.62670858365376E-9
8.62747803567663E-9
8.62897270228458E-9
8.62622703586077E-9
8.62064878808937E-9
8.61944718286521E-9
8.62100787966975E-9
8.61448122779828E-9
8.60161196343788E-9
8.59675373817334E-9
8.5892121281408E-9
8.57860199987876E-9
8.57280920053417E-9
8.57327815229883E-9
8.57109291600442E-9
8.57121211261635E-9
8.57097915594076E-9
8.56466055972397E-9
8.55931501251667E-9
8.56235407792578E-9
8.56666803136713E-9
8.57532023391633E-9
8.58124526827556E-9
8.57926707483135E-9
8.57729520268416E-9
8.58063164844796E-9
8.58339017865301E-9
8.58223863158212E-9
8.58409696485284E-9
8.58578288853057E-9
8.58242612846968E-9
8.58022124143976E-9
8.57923452539029E-9
8.57994530460095E-9
8.5814243833328E-9
8.58577938445984E-9
8.58642620564863E-9
8.582034021791E-9
8.57366733697833E-9
8.56666225721736E-9
8.55937379010175E-9
8.55436292239405E-9
8.55416643832176E-9
8.55952418574874E-9
8.56853255787914E-9
8.57174170459504E-9
8.57198948081228E-9
8.57270889796474E-9
8.58069188121191E-9
8.58823252500567E-9
8.59406851405924E-9
8.60002280333456E-9
8.59990234944808E-9
8.59553917603649E-9
8.59250008734453E-9
8.59051259239695E-9
8.59140766710165E-9
8.59426328684118E-9
8.59889668114896E-9
8.60286628106156E-9
8.604323415696E-9
8.60141282511932E-9
8.60207638668588E-9
8.60319452284982E-9
8.60522369412035E-9
8.60834102487002E-9
8.61464099479721E-9
8.61852856918705E-9
8.62623870057462E-9
8.63154366575349E-9
8.63633143707766E-9
8.64411806430829E-9
8.64901314634334E-9
8.65079182894321E-9
8.65400692443035E-9
8.65462550350755E-9
8.64515850556178E-9
8.63961137533542E-9
8.63942061884718E-9
8.64715106453184E-9
8.65469543358352E-9
8.6628043654726E-9
8.66765022753743E-9
8.67003251833424E-9
8.67141284280699E-9
8.67254078105582E-9
8.67437606429318E-9
8.67690728391668E-9
8.67589603937211E-9
8.67466679739078E-9
8.67084959545129E-9
8.67038015474653E-9
8.67138724330024E-9
8.66385613383846E-9
8.65462110304664E-9
8.65136422646367E-9
8.64501106683827E-9
8.63721370620827E-9
8.62004772936581E-9
8.60132106736024E-9
8.5890182284662E-9
8.58330078410442E-9
8.58038550203106E-9
8.57908575954364E-9
8.57885160380066E-9
8.57530430843873E-9
8.57040157798351E-9
8.56648749605531E-9
8.56480635700572E-9
8.56725482933773E-9
8.56666399179058E-9
8.56379687031723E-9
8.56911649205771E-9
8.57211218149494E-9
8.57104342828127E-9
8.57039706110829E-9
8.57046282355196E-9
8.5764461581976E-9
8.58556231833756E-9
8.58914478246252E-9
8.5859557637808E-9
8.57873932219874E-9
8.5737978956269E-9
8.56937674788897E-9
8.57564711365716E-9
8.57877658641935E-9
8.58404110926694E-9
8.58657704366999E-9
8.59016528194473E-9
8.58983517752751E-9
8.58779656505644E-9
8.57595380715665E-9
8.56579626280728E-9
8.55731369919051E-9
8.55112539386939E-9
8.54889534970709E-9
8.55227696422314E-9
8.55095767577308E-9
8.5463337459487E-9
8.54452130319895E-9
8.54359124599412E-9
8.54867732898746E-9
8.55056083103199E-9
8.54938155407248E-9
8.55449001189619E-9
8.55269155050506E-9
8.54802543213476E-9
8.54056819919406E-9
8.53174371510761E-9
8.5190115868043E-9
8.50811676734734E-9
8.50111992971951E-9
8.49921540325062E-9
8.50079710119667E-9
8.50099678666248E-9
8.49697071416813E-9
8.50003967477202E-9
8.50578210164471E-9
8.51640716586272E-9
8.52823387022918E-9
8.53292299206712E-9
8.53529464259601E-9
8.53802742195572E-9
8.54158775572036E-9
8.54102454328896E-9
8.53386219943672E-9
8.52533625984806E-9
8.52349002202415E-9
8.52671243997138E-9
8.5374344191024E-9
8.55542368958606E-9
8.56939324379669E-9
8.57483144515325E-9
8.58251398634938E-9
8.59136564153576E-9
8.59569815141812E-9
8.5949109112887E-9
8.59389040016506E-9
8.59966552781741E-9
8.60669091023402E-9
8.60869770667419E-9
8.60021421174293E-9
8.59276814293455E-9
8.58531442570601E-9
8.58222176314861E-9
8.58359375235677E-9
8.59282699036822E-9
8.59396191347565E-9
8.59301820087227E-9
8.59023355893749E-9
8.5815808674482E-9
8.57815265228389E-9
8.58554916352053E-9
8.59417730323187E-9
8.59563023530971E-9
8.60031897298044E-9
8.6069219111492E-9
8.61154680721236E-9
8.6185815144152E-9
8.62517453408477E-9
8.62975351634409E-9
8.63031511061659E-9
8.63445089195661E-9
8.63402039183851E-9
8.62454367329787E-9
8.62076321171459E-9
8.62293370995737E-9
8.62627325234181E-9
8.63048088459391E-9
8.64083555329427E-9
8.64112190921382E-9
8.63864073610216E-9
8.63652488273646E-9
8.63668134356899E-9
8.63406383765898E-9
8.6286535408125E-9
8.62774943235735E-9
8.63028036094508E-9
8.63155808948649E-9
8.6298891972223E-9
8.62326024045527E-9
8.60980069733641E-9
8.60338055291708E-9
8.5997822680874E-9
8.60342733982823E-9
8.60610520655795E-9
8.61228918126674E-9
8.6179128655433E-9
8.62415160154348E-9
8.62992107146036E-9
8.63519527997854E-9
8.64107293371363E-9
8.64503728334086E-9
8.64695839884892E-9
8.64357784370309E-9
8.63467980905564E-9
8.62089090657114E-9
8.61030116245476E-9
8.59996641224283E-9
8.59047330256735E-9
8.58806595941104E-9
8.58971075391307E-9
8.58198154222009E-9
8.57971006620489E-9
8.5801691576775E-9
8.58235095974977E-9
8.58272847971542E-9
8.58680102480229E-9
8.5890883215222E-9
8.59263964481926E-9
8.58979467698909E-9
8.59173224183914E-9
8.58938581829121E-9
8.58989891436219E-9
8.59056145148282E-9
8.58518877974131E-9
8.58124162450766E-9
8.57852297784518E-9
8.57451286575272E-9
8.56788026521778E-9
8.56253018949383E-9
8.55578481841687E-9
8.55232373949287E-9
8.55285866324696E-9
8.55015184427837E-9
8.54439270031078E-9
8.54288626421609E-9
8.5429622944019E-9
8.53829843446921E-9
8.54215423939387E-9
8.54774648016533E-9
8.55363443656685E-9
8.56359801139302E-9
8.58292625598654E-9
8.59154994867123E-9
8.58618640381162E-9
8.57456457698919E-9
8.56455642712375E-9
8.56002006414329E-9
8.5625714583667E-9
8.56959462891142E-9
8.5686133377688E-9
8.56081299693246E-9
8.55393590306382E-9
8.55053793233723E-9
8.55114199454998E-9
8.55898411648215E-9
8.56211002696646E-9
8.56710755359425E-9
8.57692937071523E-9
8.58214934180641E-9
8.57691770600137E-9
8.56814724979616E-9
8.55916333631228E-9
8.5454157958321E-9
8.54359948812726E-9
8.5478356418853E-9
8.54732382637173E-9
8.55040638416702E-9
8.56134606969903E-9
8.56667771703772E-9
8.56451209655453E-9
8.56475695077259E-9
8.56861284882869E-9
8.5741471501981E-9
8.58298964357829E-9
8.59300072708434E-9
8.59590847715186E-9
8.59930824065883E-9
8.60302065807795E-9
8.60521924709371E-9
8.60796019873797E-9
8.61466868976154E-9
8.62248113768611E-9
8.62704858328732E-9
8.62863574106451E-9
8.62425455835917E-9
8.62486841101539E-9
8.62836053763585E-9
8.6225494961689E-9
8.61303610712063E-9
8.60821286435622E-9
8.60866507574312E-9
8.60701902396654E-9
8.60229972753946E-9
8.60128570069289E-9
8.60565350739402E-9
8.60883299174375E-9
8.60583165621249E-9
8.60443780439693E-9
8.60899951077266E-9
8.61484843345606E-9
8.61974314296533E-9
8.62039655320406E-9
8.61601121450786E-9
8.6128340468029E-9
8.61407076258292E-9
8.62510348643142E-9
8.64153070970454E-9
8.65623659606686E-9
8.66265578588885E-9
8.66683943679311E-9
8.66728019301191E-9
8.67324115282718E-9
8.68583939303265E-9
8.6967410809339E-9
8.6983621269167E-9
8.69347070029098E-9
8.68294839498433E-9
8.67082485741043E-9
8.67406240921795E-9
8.67802418608893E-9
8.67622182481843E-9
8.67632481655841E-9
8.67611116137541E-9
8.67748298760353E-9
8.67651761029707E-9
8.67734263851149E-9
8.6707655326781E-9
8.66049511301383E-9
8.65293356121001E-9
8.63873788384378E-9
8.62638509156935E-9
8.61966066342675E-9
8.60984904419932E-9
8.60630897816603E-9
8.61187642268947E-9
8.61338951768269E-9
8.61285781860498E-9
8.61375672334048E-9
8.60971561011728E-9
8.60095699324739E-9
8.59850123337958E-9
8.59962956743708E-9
8.59790792784907E-9
8.59971182578846E-9
8.60380531380969E-9
8.61375002951765E-9
8.61263487356005E-9
8.60721723097061E-9
8.60131347714724E-9
8.60059153380425E-9
8.59563488024068E-9
8.59225564057655E-9
8.58997121929008E-9
8.58726928972252E-9
8.587512048483E-9
8.59252714203015E-9
8.59137859844846E-9
8.58747229299616E-9
8.58602447150652E-9
8.587234540051E-9
8.59121488500442E-9
8.60003525966572E-9
8.60238803943497E-9
8.5977184402768E-9
8.59426343817978E-9
8.59096856396605E-9
8.58486762758453E-9
8.58568570586464E-9
8.58665805638827E-9
8.58396704648297E-9
8.58629785887194E-9
8.58469895489088E-9
8.57923180129544E-9
8.57688382943718E-9
8.58105696812926E-9
8.58697190936782E-9
8.58842212899224E-9
8.5804345357384E-9
8.57680508679795E-9
8.57956048545807E-9
8.57990698101012E-9
8.5767432009508E-9
8.57004986707037E-9
8.56618088404583E-9
8.56989627002986E-9
8.57730652979651E-9
8.58244299690319E-9
8.58444471767944E-9
8.58942127809001E-9
8.5891692643919E-9
8.58551918683573E-9
8.58068843534834E-9
8.57622100128078E-9
8.57725122135787E-9
8.57695892830852E-9
8.57907713324327E-9
8.57563469225029E-9
8.57425252843144E-9
8.57889768058453E-9
8.5840832396057E-9
8.589305806736E-9
8.5920383998328E-9
8.59439774536914E-9
8.59642982699741E-9
8.59860101208462E-9
8.59673777777145E-9
8.58940133631872E-9
8.58505420479904E-9
8.57979646890571E-9
8.57104034330206E-9
8.56875204541907E-9
8.57362908323609E-9
8.58544902393114E-9
8.59339107590695E-9
8.60048083543695E-9
8.60726929145001E-9
8.60845330647194E-9
8.60712705644615E-9
8.60268333597352E-9
8.59750310872774E-9
8.58785601784452E-9
8.57886400192467E-9
8.57448695192733E-9
8.56606963853127E-9
8.56022526764739E-9
8.55547023202717E-9
8.55395599617372E-9
8.5556613261169E-9
8.55320283051281E-9
8.54966726971332E-9
8.55038249595062E-9
8.55874643338558E-9
8.57089368455441E-9
8.57851361813466E-9
8.58541074690604E-9
8.58457046841702E-9
8.58012954188783E-9
8.57486920995539E-9
8.56853409454803E-9
8.56459703243505E-9
8.56104874755149E-9
8.5636372197326E-9
8.56248907195956E-9
8.55375008254233E-9
8.54514853185938E-9
8.53902563973901E-9
8.53349934767412E-9
8.5292443813636E-9
8.52394599359325E-9
8.52040655619724E-9
8.52020423976803E-9
8.52268838144459E-9
8.52194929027376E-9
8.52115744013767E-9
8.52027797659193E-9
8.52127456457488E-9
8.52344361928021E-9
8.52473102185078E-9
8.52482777378376E-9
8.51865516111161E-9
8.51352234941426E-9
8.51222477223301E-9
8.51252025503446E-9
8.51597415119553E-9
8.52374435236704E-9
8.52176962806925E-9
8.51749061056231E-9
8.51771494093753E-9
8.52434380457312E-9
8.53461556300195E-9
8.53514170911707E-9
8.53204258556548E-9
8.52907041181885E-9
8.52169214270457E-9
8.51378018382788E-9
8.50696574414084E-9
8.50966649792388E-9
8.51026611311E-9
8.51270928859091E-9
8.51465348905662E-9
8.51664605966812E-9
8.51841045823216E-9
8.52446457277823E-9
8.52697384830431E-9
8.5259546643038E-9
8.52090677684554E-9
8.52248385314349E-9
8.52599908800447E-9
8.52755894662598E-9
8.52672454705961E-9
8.52195336477461E-9
8.51282522560216E-9
8.50119835804011E-9
8.49494605977283E-9
8.48933582134906E-9
8.48264616616082E-9
8.48250694628759E-9
8.47985022039656E-9
8.4822788324473E-9
8.48572525480968E-9
8.48493068057874E-9
8.48457260180285E-9
8.4877425518206E-9
8.4909346089158E-9
8.49452114754161E-9
8.49404767890172E-9
8.49280017151517E-9
8.49900952454352E-9
8.51075099035226E-9
8.5170779101922E-9
8.51478038065444E-9
8.51392665631263E-9
8.50919878015091E-9
8.50644952816636E-9
8.50419669008217E-9
8.50434253392964E-9
8.50053309682463E-9
8.48691555620434E-9
8.47689831438129E-9
8.47311284698269E-9
8.45971954360618E-9
8.44666145523509E-9
8.44537489084755E-9
8.45689618227193E-9
8.47433162331756E-9
8.4803442943693E-9
8.47714054927738E-9
8.47312700296278E-9
8.47234597935751E-9
8.47069837927061E-9
8.46691937286621E-9
8.46325919054795E-9
8.46091135838687E-9
8.46463509127692E-9
8.46252594337547E-9
8.45967522467839E-9
8.45530444941236E-9
8.45125318486134E-9
8.45541493823391E-9
8.46391459147138E-9
8.47872627515855E-9
8.49254551521221E-9
8.49178169764195E-9
8.48598407874493E-9
8.48480845719475E-9
8.47933342235052E-9
8.47309942441276E-9
8.47306529173709E-9
8.47487765299682E-9
8.47649379793718E-9
8.47884738096517E-9
8.47817910461906E-9
8.4797852146459E-9
8.48554624452531E-9
8.47739373876003E-9
8.47095276782066E-9
8.46837135034672E-9
8.46130659661048E-9
8.45230700211906E-9
8.44843934621765E-9
8.45209600118232E-9
8.46033294224659E-9
8.46213533844139E-9
8.46186417458929E-9
8.46905945204981E-9
8.48174584117075E-9
8.49326338405435E-9
8.49706504468346E-9
8.498375648626E-9
8.49860401857777E-9
8.49360759788593E-9
8.48494981909129E-9
8.47593206396751E-9
8.47471846806943E-9
8.4757201317163E-9
8.47424882946035E-9
8.47135013642614E-9
8.47058858893493E-9
8.46842273562312E-9
8.47074374592719E-9
8.47125616679518E-9
8.47225379086548E-9
8.47982208305785E-9
8.48528935306761E-9
8.48644880467014E-9
8.48343302212302E-9
8.48050789139904E-9
8.47654400742905E-9
8.46831250291305E-9
8.46236495402628E-9
8.45811827641463E-9
8.45727193274007E-9
8.45343513827222E-9
8.44729608784563E-9
8.44153298579149E-9
8.43844371089052E-9
8.44217990011173E-9
8.44591175872062E-9
8.44857543454595E-9
8.4491776574126E-9
8.45122568780134E-9
8.46093689968647E-9
8.47165976356625E-9
8.47783825516104E-9
8.47941742691656E-9
8.47936598343301E-9
8.47793936098921E-9
8.47716940838481E-9
8.47356133311167E-9
8.46950407322369E-9
8.46228796924313E-9
8.45318315949839E-9
8.45099028642525E-9
8.45320442839281E-9
8.44976330288153E-9
8.44890182534668E-9
8.45222318381591E-9
8.45771203703873E-9
8.46425233266733E-9
8.47078270979672E-9
8.47815724201166E-9
8.48327325512408E-9
8.48493349780504E-9
8.48002112824496E-9
8.47459987681192E-9
8.47561001542054E-9
8.48309696893457E-9
8.49300424580046E-9
8.50334825095003E-9
8.51012860452712E-9
8.5136851199024E-9
8.51114540203428E-9
8.50716885218737E-9
8.5077597595831E-9
8.50037598407196E-9
8.49095210598658E-9
8.48510919028157E-9
8.48520754873202E-9
8.48275269689583E-9
8.4824483898897E-9
8.48598999259188E-9
8.49128222204523E-9
8.48787321524205E-9
8.48554502217506E-9
8.48446006408945E-9
8.48130243070569E-9
8.47863183987035E-9
8.48657888602005E-9
8.49703441607852E-9
8.49848051463637E-9
8.49766843169322E-9
8.49743223869982E-9
8.49605151841842E-9
8.49288863474928E-9
8.48565184394584E-9
8.481768320774E-9
8.48116966018522E-9
8.47943661199484E-9
8.47688545060005E-9
8.47597468324637E-9
8.4785168807393E-9
8.48203315168764E-9
8.48806508930767E-9
8.49361034526364E-9
8.49477451164572E-9
8.49854082889035E-9
8.5006474622427E-9
8.49888455378182E-9
8.49563034308655E-9
8.48596506828812E-9
8.48469016861444E-9
8.47657776757892E-9
8.46903474893324E-9
8.46259309114944E-9
8.45786537796775E-9
8.4557745187544E-9
8.45716988395599E-9
8.45870006856989E-9
8.4602177037212E-9
8.45596638117858E-9
8.4457041454403E-9
8.43952046176729E-9
8.43418581093939E-9
8.42847028741373E-9
8.42367847651301E-9
8.42048219357835E-9
8.42650372375907E-9
8.43499282986007E-9
8.43997288269994E-9
8.44393682487708E-9
8.44553135168008E-9
8.44473372739422E-9
8.44073802739333E-9
8.43037855078197E-9
8.41765741198952E-9
8.41332709069619E-9
8.41157566068627E-9
8.40889974971697E-9
8.40468301386583E-9
8.40911824773526E-9
8.41789376796295E-9
8.42011682726666E-9
8.41250320334201E-9
8.40882922592802E-9
8.40604025338092E-9
8.40514563269203E-9
8.40285748614765E-9
8.40749178848704E-9
8.412929081812E-9
8.41697180155266E-9
8.42293873342204E-9
8.41802188191103E-9
8.41441600686834E-9
8.40838214841219E-9
8.39797732842712E-9
8.39256735754071E-9
8.39701071712898E-9
8.40562087082943E-9
8.4093802614226E-9
8.40835454657931E-9
8.40391431853598E-9
8.40244941906707E-9
8.39977872345886E-9
8.38672757338064E-9
8.37697433592963E-9
8.37150673995981E-9
8.35932527462529E-9
8.35455274193429E-9
8.35768798884625E-9
8.36089409714866E-9
8.35666889797719E-9
8.35567788623969E-9
8.36526161281401E-9
8.37168520309692E-9
8.36449830746672E-9
8.35167769264643E-9
8.34576487014831E-9
8.35149224465072E-9
8.36171282734892E-9
8.37089302700076E-9
8.37306623769696E-9
8.36538994794927E-9
8.35563010980689E-9
8.3520909052395E-9
8.35954364458784E-9
8.36930948970861E-9
8.37468149788856E-9
8.36630382356502E-9
8.35864684695136E-9
8.36159062724779E-9
8.36293860018381E-9
8.36116963817882E-9
8.35794037507016E-9
8.35487836440057E-9
8.35855054903419E-9
8.36516316123211E-9
8.36839206345641E-9
8.36628893417478E-9
8.36177742564949E-9
8.35880392477974E-9
8.3581851827225E-9
8.35881932639294E-9
8.35587576728369E-9
8.35016395737452E-9
8.35610419544262E-9
8.36165529539695E-9
8.35903200369573E-9
8.35841940831406E-9
8.35830790668802E-9
8.36519716585204E-9
8.3667304121623E-9
8.36381041530939E-9
8.36503706125161E-9
8.37237491131748E-9
8.37818590621871E-9
8.379470573053E-9
8.3823662975223E-9
8.3753983539262E-9
8.36820831510963E-9
8.36478079843117E-9
8.35840872148041E-9
8.3465280590813E-9
8.34629849006214E-9
8.35445488406537E-9
8.36715234418719E-9
8.37828759411843E-9
8.3867680157119E-9
8.39158476255781E-9
8.39260178125216E-9
8.39657861049341E-9
8.39865126250869E-9
8.39846906247223E-9
8.40283918581813E-9
8.40496989364977E-9
8.40483420113013E-9
8.40420718201545E-9
8.3992979789246E-9
8.38976507883799E-9
8.38312106970068E-9
8.38300435271355E-9
8.38156888278219E-9
8.37852755893547E-9
8.37104750879002E-9
8.36616179810692E-9
8.36781973578454E-9
8.36917349451176E-9
8.36604334654657E-9
8.3590653098298E-9
8.35440780611843E-9
8.35416034421984E-9
8.3506350977282E-9
8.34362118212111E-9
8.3386146333843E-9
8.33413047058041E-9
8.33327001749149E-9
8.3337720076373E-9
8.33540701169587E-9
8.33350123959385E-9
8.32690675310398E-9
8.31548057217081E-9
8.30452872134341E-9
8.29860500246589E-9
8.29313540416993E-9
8.29154429994764E-9
8.29614219953233E-9
8.30145428926695E-9
8.30334956079821E-9
8.30555255027489E-9
8.30723814799254E-9
8.30687117516338E-9
8.31089840015939E-9
8.31509313370596E-9
8.32133984408637E-9
8.32511642907312E-9
8.32746635669178E-9
8.33112728406163E-9
8.32943886911767E-9
8.32874647172655E-9
8.32957336256992E-9
8.33162837781726E-9
8.33657697551058E-9
8.34149358255154E-9
8.34381399914264E-9
8.34441390536453E-9
8.34330233496767E-9
8.34237036856816E-9
8.34402164734725E-9
8.34491244964677E-9
8.34176024116985E-9
8.34186570089321E-9
8.33899479595479E-9
8.3316881565654E-9
8.32988693615513E-9
8.33601155120729E-9
8.35191691241189E-9
8.36749765231328E-9
8.3777972803279E-9
8.38886641857254E-9
8.40257193348684E-9
8.4146731078718E-9
8.41651719203099E-9
8.41353773074856E-9
8.41078135420824E-9
8.41652704068161E-9
8.42028750228644E-9
8.41909869099494E-9
8.42184456696451E-9
8.42378264403752E-9
8.42674090627411E-9
8.42467050105501E-9
8.42271112016328E-9
8.4222077563286E-9
8.42226673181801E-9
8.41755795924455E-9
8.41000647727854E-9
8.40954374203803E-9
8.41964699075325E-9
8.43126176286849E-9
8.43897677201565E-9
8.44134239228329E-9
8.44462223740961E-9
8.44248783924434E-9
8.43823442124414E-9
8.43601842828905E-9
8.4290351412869E-9
8.42704283842833E-9
8.42252024726072E-9
8.41568542342802E-9
8.4067590768204E-9
8.39394095326634E-9
8.38902552200991E-9
8.38421571345688E-9
8.37694324166745E-9
8.37371295411287E-9
8.3736390426675E-9
8.37219956808388E-9
8.37442130026445E-9
8.37838693044909E-9
8.38119858050376E-9
8.38372287347582E-9
8.38267455097354E-9
8.37933630078794E-9
8.37963961827244E-9
8.38077867408787E-9
8.38654664226015E-9
8.38744653651728E-9
8.38264202481535E-9
8.37833192468765E-9
8.37693802630637E-9
8.37859974744906E-9
8.38626777178074E-9
8.39374409666827E-9
8.40190887250182E-9
8.40747851725571E-9
8.40941874799346E-9
8.4089068975556E-9
8.40390814857756E-9
8.40486110447715E-9
8.40536565573778E-9
8.4101585143673E-9
8.4108781759898E-9
8.40729814492392E-9
8.40533991653386E-9
8.40529966046549E-9
8.40447675099151E-9
8.39819494169666E-9
8.39571222027467E-9
8.39668731817601E-9
8.39668450094971E-9
8.39606855283591E-9
8.39341585488001E-9
8.38911583623155E-9
8.39059488003911E-9
8.39215437777626E-9
8.39563412955558E-9
8.39651125317368E-9
8.39483211645023E-9
8.38761713004704E-9
8.377937198687E-9
8.36784889756917E-9
8.35987891780042E-9
8.35519423134768E-9
8.35135486412359E-9
8.35426233479676E-9
8.36060391119832E-9
8.35908015265432E-9
8.35216998548023E-9
8.34303250988013E-9
8.33809537899633E-9
8.34001631988292E-9
8.34603902584818E-9
8.35279523509739E-9
8.35701913042859E-9
8.36007934831781E-9
8.36067892857963E-9
8.36324302360426E-9
8.36778384525279E-9
8.3742297870832E-9
8.380975775156E-9
8.38856548758139E-9
8.38694640900043E-9
8.382068765829E-9
8.37743019108442E-9
8.37629985470081E-9
8.38102656671942E-9
8.38327528373703E-9
8.38530763311822E-9
8.38316558653279E-9
8.38371793750908E-9
8.38704585010396E-9
8.38801115756184E-9
8.38497408283743E-9
8.3803714335489E-9
8.38213543630429E-9
8.38446085871071E-9
8.388046978245E-9
8.38755406841536E-9
8.3918281266727E-9
8.39824605922015E-9
8.39474683132678E-9
8.39136494905782E-9
8.39532309380233E-9
8.39870231018359E-9
8.39933510344804E-9
8.39870586082005E-9
8.40473414303075E-9
8.41187945546944E-9
8.42505139703564E-9
8.43418274924304E-9
8.44073768979183E-9
8.44968227852182E-9
8.45860508613443E-9
8.46045714467384E-9
8.45954170910634E-9
8.46020559663297E-9
8.4657797233378E-9
8.47232248694977E-9
8.47955075622572E-9
8.48610831609648E-9
8.4912306737888E-9
8.49557943510882E-9
8.48945372576214E-9
8.47697705702053E-9
8.46756947693854E-9
8.46759742801435E-9
8.47339307950954E-9
8.47490761804019E-9
8.47711029319823E-9
8.4781131209882E-9
8.47565551013286E-9
8.4728479229376E-9
8.47238173019209E-9
8.47089565496021E-9
8.47294700315678E-9
8.4764976396094E-9
8.4777163111714E-9
8.47602135374322E-9
8.47732274931384E-9
8.47691224917419E-9
8.47251099664183E-9
8.46606277309094E-9
8.46013504956115E-9
8.44742834614313E-9
8.44005387213535E-9
8.43364834935334E-9
8.42667170960829E-9
8.41966624568011E-9
8.41247470511894E-9
8.41089544023196E-9
8.41850021666906E-9
8.4306182827704E-9
8.44242148308768E-9
8.45164241610657E-9
8.46084224321107E-9
8.47355716547937E-9
8.4851329388008E-9
8.49474962226627E-9
8.50020303897314E-9
8.50409106737878E-9
8.50420163769034E-9
8.50392656231743E-9
8.49877795319822E-9
8.48968254972973E-9
8.47977740324571E-9
8.47222912267321E-9
8.45887524882347E-9
8.45168587356846E-9
8.45344228611085E-9
8.45237229890549E-9
8.44807058060811E-9
8.44022793481155E-9
8.43280775654569E-9
8.43040877193683E-9
8.42422387755499E-9
8.41783906487872E-9
8.4172258874255E-9
8.4233685466957E-9
8.43490476243461E-9
8.44536186408627E-9
8.45306945764189E-9
8.45975155754141E-9
8.45845845066965E-9
8.45401545196575E-9
8.45089345300226E-9
8.45241134426504E-9
8.44212105267807E-9
8.43213020197908E-9
8.42934280102517E-9
8.4305675377727E-9
8.42371111908551E-9
8.41499564535887E-9
8.41164862917573E-9
8.41403287573296E-9
8.41501536594297E-9
8.40821491925599E-9
8.40371180420244E-9
8.40587430478212E-9
8.40798219540902E-9
8.41216837250381E-9
8.42002706019228E-9
8.42324917546231E-9
8.42438170043495E-9
8.41835430297301E-9
8.41277763843622E-9
8.40724831959927E-9
8.4059064118488E-9
8.40985346230957E-9
8.41562097646605E-9
8.42526855628937E-9
8.42970270750572E-9
8.4233919110477E-9
8.42589930066196E-9
8.42911432630051E-9
8.4367632703268E-9
8.44367393808242E-9
8.45009453651755E-9
8.44217771152271E-9
8.43223972456186E-9
8.42518029095959E-9
8.41532193138672E-9
8.40382912654398E-9
8.39404188447305E-9
8.38210760164279E-9
8.36923008350781E-9
8.35959272486091E-9
8.35270154486077E-9
8.35277150986103E-9
8.35507642006604E-9
8.36013274756177E-9
8.36378390777102E-9
8.37011684623078E-9
8.3758142091241E-9
8.37596794586178E-9
8.37430121890377E-9
8.36632396324064E-9
8.35513063421017E-9
8.34229232441478E-9
8.33872771824496E-9
8.34306767864316E-9
8.3438093658531E-9
8.33579990999185E-9
8.32356137836261E-9
8.32171454682571E-9
8.32213757314511E-9
8.31996451378751E-9
8.32286976094736E-9
8.32692684621388E-9
8.33431148319091E-9
8.33246358064236E-9
8.33353099509147E-9
8.33947281639419E-9
8.34366964539833E-9
8.3459054986347E-9
8.34788641617377E-9
8.3525905205334E-9
8.35332511811187E-9
8.35241316333223E-9
8.35477121666972E-9
8.35657234394854E-9
8.35906229469917E-9
8.35959059447903E-9
8.35514502301888E-9
8.34693557901461E-9
8.34308777175305E-9
8.34660740707494E-9
8.3599466360045E-9
8.36715225105574E-9
8.37257818234404E-9
8.36930616025935E-9
8.36069437675856E-9
8.35673119127443E-9
8.35616516161673E-9
8.36209548118563E-9
8.36418739976921E-9
8.36032860299679E-9
8.35364826095335E-9
8.35418810903275E-9
8.36113614578185E-9
8.37226261807413E-9
8.37476022888636E-9
8.36828030571888E-9
8.36326259284975E-9
8.36012357411415E-9
8.35360842397649E-9
8.34499608168702E-9
8.33584568409851E-9
8.33058367580001E-9
8.32878879996963E-9
8.32321603531223E-9
8.32474619664328E-9
8.32871891645939E-9
8.33137814525808E-9
8.3398553188923E-9
8.34024598203354E-9
8.34246629395953E-9
8.33566149337735E-9
8.32981063821641E-9
8.32986939251863E-9
8.33328584983763E-9
8.33155681794095E-9
8.33179570010491E-9
8.32576342488337E-9
8.32069563057812E-9
8.31925259371662E-9
8.31808870672888E-9
8.31676522736366E-9
8.31135975006962E-9
8.29853871615782E-9
8.28999672303583E-9
8.27905554740065E-9
8.27081518375567E-9
8.27435758971658E-9
8.27830447719733E-9
8.28441015164126E-9
8.28534753130619E-9
8.28671643553513E-9
8.28733089354576E-9
8.28836737671273E-9
8.2909454298131E-9
8.29022902779128E-9
8.29188215755789E-9
8.29977440749192E-9
8.30763308353896E-9
8.31072720127522E-9
8.31136494214784E-9
8.31039121793536E-9
8.3121572346583E-9
8.31427818697078E-9
8.31557647427933E-9
8.31358307712623E-9
8.30943454841928E-9
8.30188787436426E-9
8.29563923150631E-9
8.28567129114351E-9
8.27724139336055E-9
8.27343628686786E-9
8.27236524029228E-9
8.27217284236228E-9
8.26956708265613E-9
8.26510177897045E-9
8.26265554179319E-9
8.26115985073931E-9
8.26185212007469E-9
8.26537514305301E-9
8.26758859817614E-9
8.26768096128964E-9
8.26341318940502E-9
8.26239111832963E-9
8.26484113897196E-9
8.26838957519413E-9
8.26175586872325E-9
8.26158143352126E-9
8.26061447298019E-9
8.25643409331804E-9
8.25533592220825E-9
8.25733175242041E-9
8.25703732898919E-9
8.26202526307784E-9
8.26796660708189E-9
8.26573291915169E-9
8.26856143763987E-9
8.2714968011817E-9
8.26817947064758E-9
8.26402618059535E-9
8.25646751586642E-9
8.25087241130293E-9
8.25853658232095E-9
8.26020635933389E-9
8.25771470893434E-9
8.24836595300316E-9
8.23322450250026E-9
8.22777758171188E-9
8.22720221562652E-9
8.22955591506882E-9
8.23198141885748E-9
8.23196645961866E-9
8.23008862695103E-9
8.22888512417362E-9
8.22783681331277E-9
8.22314518856716E-9
8.21733149285394E-9
8.21608787370534E-9
8.21949399343363E-9
8.2221046076165E-9
8.22270049754469E-9
8.22529750289473E-9
8.22888990880176E-9
8.22916356392009E-9
8.2291157874873E-9
8.2253744178293E-9
8.22483653715173E-9
8.22229080066379E-9
8.22162289684347E-9
8.22420653783072E-9
8.22605341593335E-9
8.22729365906696E-9
8.22686163392141E-9
8.22262962451281E-9
8.22193392095529E-9
8.22176078959357E-9
8.2234543034843E-9
8.22239605084138E-9
8.23149406199042E-9
8.24974518318139E-9
8.26391491179793E-9
8.2712212834344E-9
8.27313785878438E-9
8.27443923107213E-9
8.27139758126535E-9
8.26323005805409E-9
8.2553865740745E-9
8.25193678733855E-9
8.25884605812245E-9
8.26755704989815E-9
8.27322022190865E-9
8.27577230297648E-9
8.2706257311077E-9
8.26622043899878E-9
8.26803704938083E-9
8.27282082769417E-9
8.27841341770855E-9
8.28371625250554E-9
8.28810279026913E-9
8.28737713330966E-9
8.28276229544288E-9
8.28077822307602E-9
8.28982240424815E-9
8.29597300297429E-9
8.30123473187844E-9
8.30135780508689E-9
8.30820624939386E-9
8.31394346090546E-9
8.31829524899754E-9
8.32242401055467E-9
8.32276453405262E-9
8.32290831736681E-9
8.31581312128853E-9
8.30552267836296E-9
8.29952018192191E-9
8.30023644424657E-9
8.30431214416123E-9
8.31081687521815E-9
8.31454275013151E-9
8.31751989476917E-9
8.3243457896243E-9
8.33593815198488E-9
8.3450815297905E-9
8.34493492925002E-9
8.3417434309435E-9
8.33770523971949E-9
8.33443448655077E-9
8.3323160138631E-9
8.3364083260998E-9
8.34946875439852E-9
8.3581654272141E-9
8.36100181530963E-9
8.36054349217147E-9
8.35521958638439E-9
8.34715825630663E-9
8.33515066738542E-9
8.33404716450023E-9
8.33957760091455E-9
8.33528984069293E-9
8.33283949409053E-9
8.32855644864846E-9
8.323374987411E-9
8.32309778165621E-9
8.32012439720076E-9
8.31367951474057E-9
8.30359931605872E-9
8.2928063824058E-9
8.2888249897236E-9
8.29071959769329E-9
8.29669625015754E-9
8.29750702926042E-9
8.29748291985684E-9
8.29689264109838E-9
8.30183084299383E-9
8.31072987880435E-9
8.31303051660419E-9
8.31140107714964E-9
8.3065871009643E-9
8.30452575277851E-9
8.30532083923242E-9
8.31126947077227E-9
8.31190558184455E-9
8.3071974146255E-9
8.29562908017848E-9
8.2960904300887E-9
8.30218886356256E-9
8.30768379361236E-9
8.31014750457753E-9
8.31055849365728E-9
8.3054750649102E-9
8.30978468773923E-9
8.31944283798189E-9
8.32727504141485E-9
8.33004775088285E-9
8.32770600719019E-9
8.32795817222691E-9
8.33050280277891E-9
8.33293866744115E-9
8.33546619673103E-9
8.33760626427319E-9
8.33602311114827E-9
8.33570187750147E-9
8.33844698513658E-9
8.3444147202647E-9
8.35256398971216E-9
8.3565052427403E-9
8.3537617183398E-9
8.34760370402212E-9
8.34153053245351E-9
8.34525468443508E-9
8.3515847125371E-9
8.35615971342702E-9
8.35563012144833E-9
8.35185877510552E-9
8.34560262352458E-9
8.34033098776264E-9
8.33074109122989E-9
8.32602877966141E-9
8.32667135172789E-9
8.33061561988665E-9
8.33716584565589E-9
8.34856557725785E-9
8.35919554251831E-9
8.36398032199472E-9
8.36032116412238E-9
8.35911487904297E-9
8.35770725541454E-9
8.35551567454024E-9
8.35475530283355E-9
8.34981057009531E-9
8.34143792486997E-9
8.34636828044093E-9
8.36005341120956E-9
8.36480341773159E-9
8.36508344071268E-9
8.36445047282677E-9
8.36560662990433E-9
8.36183251290095E-9
8.36287836741986E-9
8.3615952139716E-9
8.35518193799656E-9
8.34795896557171E-9
8.34667607987637E-9
8.34428313717019E-9
8.3476079764273E-9
8.35156652862189E-9
8.34592402015141E-9
8.34576372928808E-9
8.34889394710185E-9
8.34366855110382E-9
8.33359045952098E-9
8.32298881786212E-9
8.31743598333457E-9
8.31057078700841E-9
8.30283377555667E-9
8.29507799811818E-9
8.28733202276457E-9
8.28456129233983E-9
8.29344234213947E-9
8.30242741976646E-9
8.30152321817986E-9
8.30447058403704E-9
8.3116664435691E-9
8.31817203609192E-9
8.32122769054019E-9
8.32381703582863E-9
8.32824949903749E-9
8.33242671223041E-9
8.33489321713902E-9
8.33905897516385E-9
8.34442957473064E-9
8.34915995380002E-9
8.36359312799992E-9
8.37166948716508E-9
8.37118927813665E-9
8.37196620395821E-9
8.37322963682236E-9
8.37464671329275E-9
8.3719188698998E-9
8.37057401686728E-9
8.37866842025048E-9
8.38557829638879E-9
8.39049333183656E-9